48.0 118.0
47.0 118.0
47.0 119.0
46.0 119.0
46.0 120.0
45.0 120.0
44.0 120.0
44.0 121.0
43.0 121.0
43.0 122.0
42.0 122.0
41.0 122.0
41.0 123.0
40.0 123.0
39.0 123.0
39.0 124.0
38.0 124.0
37.0 124.0
37.0 125.0
36.0 125.0
35.0 125.0
35.0 126.0
34.0 126.0
33.0 126.0
33.0 127.0
32.0 127.0
31.0 127.0
31.0 128.0
31.0 127.0
31.0 128.0
30.0 128.0
29.0 128.0
29.0 129.0
29.0 128.0
29.0 129.0
28.0 129.0
27.0 129.0
26.0 129.0
26.0 130.0
25.0 130.0
24.0 130.0
23.0 130.0
23.0 131.0
22.0 131.0
21.0 131.0
20.0 131.0
20.0 132.0
19.0 132.0
19.0 131.0
19.0 132.0
19.0 131.0
19.0 132.0
18.0 132.0
17.0 132.0
16.0 132.0
15.0 132.0
14.0 132.0
13.0 132.0
12.0 132.0
11.0 132.0
10.0 132.0
9.0 132.0
9.0 131.0
9.0 132.0
9.0 131.0
9.0 132.0
8.0 132.0
8.0 131.0
7.0 131.0
6.0 131.0
5.0 131.0
5.0 130.0
4.0 130.0
5.0 130.0
4.0 130.0
3.0 130.0
3.0 129.0
2.0 129.0
2.0 128.0
2.0 129.0
2.0 128.0
1.0 128.0
0.0 128.0
0.0 127.0
0.0 128.0
0.0 127.0
-1.0 127.0
-0.0 127.0
-1.0 127.0
-1.0 126.0
-1.0 127.0
-1.0 126.0
-2.0 126.0
-2.0 125.0
-3.0 125.0
-3.0 124.0
-4.0 124.0
-3.0 124.0
-4.0 124.0
-4.0 123.0
-5.0 123.0
-5.0 122.0
-6.0 122.0
-6.0 121.0
-7.0 121.0
-7.0 120.0
-8.0 120.0
-9.0 120.0
-9.0 119.0
-8.0 119.0
-8.0 118.0
-7.0 118.0
-7.0 117.0
-6.0 117.0
-6.0 116.0
-5.0 116.0
-5.0 115.0
-4.0 115.0
-3.0 115.0
-3.0 114.0
-2.0 114.0
-2.0 113.0
-1.0 113.0
-0.0 113.0
-0.0 112.0
1.0 112.0
2.0 112.0
2.0 111.0
3.0 111.0
3.0 110.0
4.0 110.0
5.0 110.0
5.0 109.0
6.0 109.0
6.0 108.0
7.0 108.0
8.0 108.0
8.0 107.0
9.0 107.0
10.0 106.0
11.0 106.0
11.0 105.0
12.0 105.0
13.0 104.0
14.0 104.0
14.0 103.0
15.0 103.0
15.0 102.0
16.0 102.0
17.0 102.0
17.0 101.0
18.0 101.0
18.0 100.0
19.0 100.0
20.0 100.0
20.0 99.0
21.0 99.0
21.0 98.0
22.0 98.0
23.0 98.0
23.0 97.0
24.0 97.0
24.0 96.0
25.0 96.0
26.0 95.0
27.0 95.0
27.0 94.0
28.0 94.0
28.0 93.0
29.0 93.0
30.0 93.0
30.0 92.0
31.0 92.0
31.0 91.0
32.0 91.0
32.0 90.0
33.0 90.0
34.0 90.0
34.0 89.0
35.0 89.0
35.0 88.0
36.0 88.0
37.0 88.0
37.0 87.0
38.0 87.0
38.0 86.0
39.0 86.0
40.0 85.0
41.0 85.0
41.0 84.0
42.0 84.0
42.0 83.0
43.0 83.0
44.0 83.0
44.0 82.0
45.0 82.0
45.0 81.0
46.0 81.0
46.0 80.0
47.0 80.0
48.0 80.0
48.0 79.0
49.0 79.0
49.0 78.0
50.0 78.0
50.0 77.0
51.0 77.0
52.0 77.0
52.0 76.0
53.0 76.0
53.0 75.0
54.0 75.0
55.0 75.0
55.0 74.0
56.0 74.0
56.0 73.0
57.0 73.0
58.0 72.0
59.0 72.0
59.0 71.0
60.0 71.0
60.0 70.0
61.0 70.0
62.0 70.0
62.0 69.0
63.0 69.0
63.0 68.0
64.0 68.0
65.0 68.0
65.0 67.0
66.0 67.0
66.0 66.0
67.0 66.0
67.0 65.0
68.0 65.0
69.0 65.0
69.0 64.0
70.0 64.0
70.0 63.0
71.0 63.0
71.0 62.0
72.0 62.0
73.0 62.0
73.0 61.0
74.0 61.0
74.0 60.0
75.0 60.0
75.0 59.0
76.0 59.0
77.0 59.0
77.0 58.0
78.0 58.0
78.0 57.0
79.0 57.0
80.0 56.0
81.0 56.0
81.0 55.0
81.0 56.0
81.0 55.0
82.0 55.0
82.0 54.0
83.0 54.0
84.0 54.0
84.0 53.0
85.0 53.0
85.0 52.0
85.0 53.0
85.0 52.0
86.0 52.0
86.0 51.0
86.0 52.0
86.0 51.0
86.0 52.0
86.0 51.0
87.0 51.0
88.0 51.0
88.0 50.0
89.0 50.0
89.0 49.0
90.0 49.0
90.0 48.0
91.0 48.0
92.0 47.0
92.0 48.0
92.0 47.0
93.0 47.0
93.0 46.0
94.0 46.0
94.0 45.0
95.0 45.0
95.0 44.0
96.0 44.0
97.0 44.0
97.0 43.0
98.0 43.0
98.0 42.0
98.0 43.0
98.0 42.0
99.0 42.0
99.0 41.0
100.0 41.0
101.0 41.0
101.0 40.0
102.0 40.0
102.0 39.0
103.0 39.0
104.0 38.0
105.0 38.0
105.0 37.0
105.0 38.0
105.0 37.0
106.0 37.0
106.0 36.0
107.0 36.0
108.0 35.0
108.0 36.0
108.0 35.0
109.0 35.0
109.0 34.0
110.0 34.0
111.0 34.0
111.0 33.0
112.0 33.0
113.0 33.0
112.0 33.0
113.0 33.0
113.0 32.0
114.0 32.0
115.0 32.0
116.0 32.0
115.0 33.0
116.0 33.0
116.0 34.0
116.0 35.0
116.0 34.0
116.0 35.0
115.0 36.0
115.0 37.0
115.0 38.0
115.0 39.0
114.0 39.0
114.0 40.0
114.0 41.0
113.0 42.0
113.0 43.0
112.0 44.0
112.0 45.0
112.0 46.0
111.0 46.0
111.0 47.0
111.0 48.0
110.0 48.0
110.0 49.0
109.0 50.0
109.0 51.0
108.0 51.0
108.0 52.0
108.0 53.0
107.0 53.0
107.0 54.0
106.0 55.0
106.0 56.0
105.0 56.0
105.0 57.0
104.0 58.0
104.0 59.0
103.0 59.0
103.0 60.0
103.0 61.0
102.0 61.0
102.0 62.0
101.0 63.0
101.0 64.0
100.0 64.0
100.0 65.0
99.0 65.0
99.0 66.0
99.0 67.0
98.0 67.0
98.0 68.0
97.0 68.0
97.0 69.0
96.0 70.0
96.0 71.0
95.0 71.0
95.0 72.0
94.0 72.0
94.0 73.0
93.0 74.0
93.0 75.0
92.0 75.0
92.0 76.0
91.0 76.0
91.0 77.0
90.0 77.0
90.0 78.0
90.0 79.0
89.0 79.0
89.0 80.0
88.0 80.0
88.0 81.0
87.0 81.0
87.0 82.0
86.0 83.0
85.0 84.0
85.0 85.0
84.0 85.0
84.0 86.0
83.0 86.0
83.0 87.0
82.0 87.0
82.0 88.0
81.0 88.0
81.0 89.0
80.0 89.0
80.0 90.0
79.0 91.0
78.0 92.0
78.0 93.0
77.0 93.0
77.0 94.0
76.0 94.0
76.0 95.0
75.0 95.0
75.0 96.0
74.0 96.0
74.0 97.0
73.0 97.0
73.0 98.0
72.0 98.0
72.0 99.0
71.0 99.0
71.0 100.0
70.0 100.0
70.0 101.0
69.0 101.0
69.0 102.0
68.0 102.0
67.0 103.0
66.0 103.0
66.0 104.0
65.0 104.0
65.0 105.0
64.0 105.0
64.0 106.0
63.0 106.0
63.0 107.0
62.0 107.0
62.0 108.0
61.0 108.0
61.0 109.0
60.0 109.0
59.0 110.0
58.0 110.0
58.0 111.0
57.0 111.0
57.0 112.0
56.0 112.0
56.0 113.0
55.0 113.0
54.0 113.0
54.0 114.0
53.0 114.0
53.0 115.0
52.0 115.0
52.0 116.0
51.0 116.0
50.0 116.0
50.0 117.0
49.0 117.0
49.0 118.0
48.0 118.0
47.0 117.0
47.0 118.0
46.0 118.0
45.0 118.0
45.0 119.0
44.0 119.0
43.0 120.0
42.0 120.0
42.0 121.0
41.0 121.0
40.0 121.0
40.0 122.0
39.0 122.0
38.0 122.0
38.0 123.0
37.0 123.0
36.0 123.0
36.0 124.0
35.0 124.0
34.0 124.0
34.0 125.0
33.0 125.0
32.0 125.0
32.0 126.0
31.0 126.0
30.0 126.0
29.0 126.0
29.0 127.0
28.0 127.0
27.0 127.0
27.0 128.0
26.0 128.0
25.0 128.0
24.0 128.0
23.0 128.0
23.0 129.0
22.0 129.0
21.0 129.0
20.0 129.0
19.0 129.0
18.0 129.0
17.0 129.0
16.0 129.0
15.0 130.0
15.0 129.0
15.0 130.0
15.0 129.0
14.0 129.0
13.0 129.0
12.0 129.0
11.0 129.0
10.0 129.0
10.0 128.0
9.0 128.0
8.0 128.0
8.0 127.0
8.0 128.0
8.0 127.0
7.0 127.0
6.0 127.0
6.0 126.0
5.0 126.0
4.0 126.0
4.0 125.0
3.0 125.0
3.0 124.0
2.0 124.0
3.0 124.0
2.0 124.0
2.0 123.0
1.0 123.0
0.0 123.0
0.0 122.0
1.0 122.0
0.0 122.0
0.0 121.0
-1.0 121.0
-1.0 120.0
-2.0 120.0
-2.0 119.0
-3.0 119.0
-3.0 118.0
-4.0 118.0
-3.0 118.0
-4.0 118.0
-5.0 118.0
-5.0 117.0
-5.0 116.0
-4.0 116.0
-3.0 116.0
-3.0 115.0
-2.0 115.0
-1.0 114.0
-0.0 114.0
0.0 113.0
1.0 113.0
2.0 113.0
2.0 112.0
3.0 112.0
4.0 111.0
5.0 111.0
5.0 110.0
6.0 110.0
7.0 110.0
7.0 109.0
8.0 109.0
8.0 108.0
9.0 108.0
10.0 108.0
10.0 107.0
11.0 107.0
11.0 106.0
12.0 106.0
13.0 106.0
13.0 105.0
14.0 105.0
14.0 104.0
15.0 104.0
16.0 104.0
16.0 103.0
17.0 103.0
17.0 102.0
18.0 102.0
19.0 102.0
19.0 101.0
20.0 101.0
20.0 100.0
21.0 100.0
22.0 100.0
22.0 99.0
23.0 99.0
23.0 98.0
24.0 98.0
25.0 98.0
25.0 97.0
26.0 97.0
26.0 96.0
27.0 96.0
27.0 95.0
28.0 95.0
29.0 95.0
29.0 94.0
30.0 94.0
30.0 93.0
31.0 93.0
32.0 93.0
32.0 92.0
33.0 92.0
33.0 91.0
34.0 91.0
35.0 90.0
36.0 90.0
36.0 89.0
37.0 89.0
37.0 88.0
38.0 88.0
39.0 88.0
39.0 87.0
40.0 87.0
40.0 86.0
41.0 86.0
42.0 86.0
42.0 85.0
43.0 85.0
43.0 84.0
44.0 84.0
44.0 83.0
45.0 83.0
46.0 83.0
46.0 82.0
47.0 82.0
48.0 81.0
49.0 81.0
49.0 80.0
50.0 80.0
50.0 79.0
51.0 79.0
52.0 79.0
52.0 78.0
53.0 78.0
53.0 77.0
54.0 77.0
54.0 76.0
55.0 76.0
56.0 76.0
56.0 75.0
57.0 75.0
57.0 74.0
58.0 74.0
59.0 74.0
59.0 73.0
60.0 73.0
60.0 72.0
61.0 72.0
62.0 72.0
62.0 71.0
63.0 71.0
63.0 70.0
64.0 70.0
64.0 69.0
65.0 69.0
66.0 69.0
66.0 68.0
67.0 68.0
67.0 67.0
68.0 67.0
69.0 67.0
69.0 66.0
70.0 66.0
70.0 65.0
71.0 65.0
72.0 64.0
73.0 64.0
73.0 63.0
74.0 63.0
74.0 62.0
75.0 62.0
76.0 62.0
76.0 61.0
77.0 61.0
77.0 60.0
78.0 60.0
79.0 59.0
80.0 59.0
80.0 58.0
81.0 58.0
81.0 57.0
82.0 57.0
83.0 56.0
84.0 56.0
84.0 55.0
85.0 55.0
85.0 54.0
86.0 54.0
87.0 54.0
87.0 53.0
88.0 53.0
88.0 52.0
89.0 52.0
90.0 52.0
90.0 51.0
91.0 51.0
91.0 50.0
92.0 50.0
92.0 49.0
93.0 49.0
94.0 48.0
95.0 48.0
95.0 47.0
96.0 47.0
96.0 46.0
96.0 47.0
96.0 46.0
97.0 46.0
98.0 46.0
98.0 45.0
99.0 45.0
99.0 44.0
99.0 45.0
99.0 44.0
100.0 44.0
101.0 43.0
102.0 43.0
102.0 42.0
103.0 42.0
103.0 41.0
104.0 41.0
105.0 41.0
105.0 40.0
106.0 40.0
106.0 39.0
106.0 40.0
107.0 39.0
107.0 40.0
107.0 39.0
108.0 39.0
108.0 38.0
108.0 39.0
108.0 38.0
108.0 39.0
108.0 38.0
109.0 38.0
110.0 38.0
110.0 37.0
111.0 37.0
112.0 37.0
113.0 37.0
112.0 37.0
113.0 37.0
113.0 38.0
113.0 37.0
113.0 38.0
113.0 37.0
113.0 38.0
113.0 39.0
113.0 38.0
113.0 39.0
113.0 40.0
113.0 41.0
113.0 42.0
113.0 43.0
112.0 43.0
113.0 43.0
112.0 43.0
112.0 44.0
112.0 45.0
111.0 45.0
111.0 46.0
111.0 47.0
110.0 47.0
110.0 48.0
110.0 49.0
109.0 49.0
109.0 50.0
108.0 51.0
108.0 52.0
107.0 52.0
107.0 53.0
106.0 54.0
106.0 55.0
105.0 55.0
105.0 56.0
104.0 57.0
104.0 58.0
103.0 58.0
103.0 59.0
103.0 60.0
102.0 60.0
102.0 61.0
101.0 61.0
101.0 62.0
101.0 63.0
100.0 63.0
100.0 64.0
99.0 64.0
99.0 65.0
98.0 66.0
98.0 67.0
97.0 67.0
97.0 68.0
96.0 68.0
96.0 69.0
95.0 70.0
95.0 71.0
94.0 71.0
94.0 72.0
93.0 72.0
93.0 73.0
93.0 74.0
92.0 74.0
92.0 75.0
91.0 75.0
91.0 76.0
90.0 76.0
90.0 77.0
89.0 78.0
89.0 79.0
88.0 79.0
88.0 80.0
87.0 80.0
87.0 81.0
86.0 81.0
86.0 82.0
85.0 82.0
85.0 83.0
84.0 83.0
84.0 84.0
84.0 85.0
83.0 85.0
83.0 86.0
82.0 86.0
82.0 87.0
81.0 87.0
81.0 88.0
80.0 88.0
80.0 89.0
79.0 89.0
79.0 90.0
78.0 90.0
78.0 91.0
77.0 91.0
77.0 92.0
76.0 92.0
76.0 93.0
75.0 93.0
75.0 94.0
74.0 94.0
74.0 95.0
73.0 95.0
73.0 96.0
72.0 96.0
72.0 97.0
71.0 97.0
71.0 98.0
70.0 98.0
70.0 99.0
69.0 99.0
69.0 100.0
68.0 100.0
68.0 101.0
67.0 101.0
67.0 102.0
66.0 102.0
66.0 103.0
65.0 103.0
65.0 104.0
64.0 104.0
64.0 105.0
63.0 105.0
63.0 106.0
62.0 106.0
61.0 106.0
61.0 107.0
60.0 107.0
60.0 108.0
59.0 108.0
59.0 109.0
58.0 109.0
58.0 110.0
57.0 110.0
56.0 111.0
55.0 111.0
55.0 112.0
54.0 112.0
54.0 113.0
53.0 113.0
52.0 114.0
51.0 114.0
51.0 115.0
50.0 115.0
50.0 116.0
49.0 116.0
48.0 116.0
48.0 117.0
47.0 117.0
