887, -20.65, 37.35, 11.18, 0.04, -1.18
943, -36.11, -9.48, 10.94, -0.08, -0.31
969, -46.85, -41.05, 10.71, -0.16, -0.43
997, -54.70, -66.49, 10.98, -0.12, -0.63
1024, -60.83, -86.19, 10.83, -0.12, -0.59
1051, -65.50, -102.55, 10.87, -0.12, -0.86
1078, -69.64, -114.02, 10.67, -0.16, -0.47
1105, -72.97, -124.77, 10.79, -0.12, -0.59
1132, -75.74, -134.39, 10.87, -0.08, -0.63
1160, -78.10, -81.61, 10.94, 0.00, -0.59
1186, -80.14, -37.25, 11.06, 0.00, -0.51
1213, -81.88, -60.80, 11.06, -0.04, -0.51
1240, -83.34, -79.85, 10.98, -0.08, -0.47
1274, -84.82, -92.76, 10.90, -0.20, -0.31
1302, -85.72, -103.96, 10.63, -0.27, -0.51
1329, -86.26, -116.31, 10.87, -0.16, -0.78
1356, -86.61, -127.36, 10.87, -0.12, -0.90
1383, -87.05, -136.91, 10.79, -0.08, -0.75
1411, -87.52, -145.37, 11.02, -0.04, -0.63
1437, -87.90, -91.79, 11.06, 0.08, -0.67
1465, -88.36, -46.01, 11.10, 0.04, -0.47
1491, -88.58, -68.18, 10.98, -0.04, -0.63
1519, -88.90, -26.03, 11.06, 0.04, -0.47
1546, -89.16, 8.95, 10.98, 0.08, -0.47
1579, -89.26, -21.67, 10.83, -0.08, -0.67
1606, -89.13, -46.72, 10.67, -0.16, -0.75
1633, -89.27, -67.38, 10.71, -0.12, -0.47
1659, -89.29, -85.89, 10.79, -0.08, -0.59
1687, -89.33, -40.08, 10.87, 0.00, -0.55
1714, -89.32, -1.32, 10.94, 0.00, -0.59
1740, -89.42, -30.20, 10.98, -0.04, -0.47
1768, -89.58, -53.38, 10.98, -0.08, -0.35
1795, -89.60, -12.76, 10.94, 0.00, -0.47
1821, -89.76, 20.48, 10.94, 0.04, -0.31
1849, -89.88, 48.69, 10.94, 0.04, -0.31
1875, -90.00, 73.82, 10.94, 0.00, -0.27
1902, -89.73, 34.48, 10.94, -0.12, -0.67
1937, -89.63, 61.75, 11.02, 0.08, -0.59
1964, -89.48, 84.52, 11.06, 0.04, -0.55
1991, -89.37, 41.55, 11.02, -0.04, -0.51
2018, -89.28, 67.66, 10.98, 0.00, -0.51
2044, -89.23, 88.83, 10.98, 0.04, -0.47
2071, -89.33, 46.11, 11.06, -0.04, -0.31
2099, -89.47, 69.14, 11.10, 0.04, -0.20
2125, -89.64, 30.60, 10.79, -0.04, -0.16
2152, -89.61, 0.03, 10.71, -0.16, -0.31
2180, -89.34, -28.00, 10.87, -0.16, -0.59
2206, -89.12, -53.11, 10.90, -0.08, -0.59
2233, -88.96, -13.50, 10.98, 0.00, -0.59
2267, -89.04, 21.28, 10.98, 0.00, -0.39
2293, -89.16, -11.78, 10.90, -0.04, -0.27
2320, -89.45, 10.97, 11.10, 0.08, -0.04
2347, -89.47, 41.18, 11.02, 0.00, -0.31
2374, -89.29, 7.84, 11.06, -0.20, -0.51
2401, -88.92, -22.62, 10.90, -0.12, -0.78
2427, -79.25, 9.85, 20.04, 5.18, -20.08
2454, -77.82, 2.92, 14.40, -2.20, 3.26
2482, -72.20, -25.34, 2.28, -0.59, -1.96
2508, -58.78, 8.80, -0.12, 0.39, -3.57
2535, -62.78, 6.23, 18.63, -0.12, 0.71
2563, -65.18, 35.71, 9.96, 0.16, -1.57
2596, -68.73, 31.59, 11.10, 0.04, 0.51
2630, -71.33, 56.91, 7.02, 0.20, -0.63
2658, -73.93, 44.00, 12.98, -0.27, 0.63
2686, -75.37, 67.89, 8.08, 0.20, -1.10
2717, -77.38, 59.07, 12.28, 0.12, 0.82
2748, -79.75, 58.20, 10.75, 0.04, 0.04
2779, -81.39, 41.07, 12.79, -0.35, 0.35
2809, -82.69, 31.92, 8.63, -0.12, 0.43
2840, -83.91, 30.80, 10.90, 0.20, 0.51
2871, -85.11, 27.29, 11.57, 0.04, 0.31
2902, -85.85, -4.48, 12.40, -0.31, -0.55
2932, -86.54, -6.77, 11.02, -0.16, 0.55
2963, -87.44, -5.77, 10.40, 0.00, 0.24
3001, -88.48, 18.02, 11.02, 0.20, -0.12
3032, -89.29, -10.22, 10.59, -0.04, -0.04
3062, -89.40, -8.61, 10.71, 0.00, 0.59
3093, -89.66, -0.15, 11.89, 0.31, 0.39
3124, -90.00, 20.40, 11.10, 0.39, -0.16
3154, -90.23, 17.19, 9.41, 0.00, 0.39
3184, -90.42, 4.17, 10.79, -0.35, 0.24
3215, -90.83, -15.02, 11.73, -0.20, -0.04
3246, -90.91, -42.24, 11.49, -0.16, -0.47
3276, -90.98, -7.65, 9.92, 0.16, -0.31
3307, -90.86, 26.41, 10.47, 0.00, -0.51
3338, -90.19, -10.12, 10.75, -0.04, -1.06
3378, -90.08, -41.61, 12.08, -0.08, -0.71
3408, -89.50, -67.29, 10.12, -0.12, -0.90
3439, -88.74, -88.80, 10.00, -0.12, -1.06
3470, -88.11, -103.97, 11.10, -0.39, -1.02
3501, -87.55, -117.72, 12.00, -0.31, -1.14
3531, -87.04, -66.00, 10.47, 0.00, -1.02
3562, -86.42, -86.76, 9.96, -0.16, -1.10
3593, -86.13, -42.23, 10.94, 0.20, -0.86
3623, -85.95, -2.32, 11.77, 0.00, -0.86
3653, -85.26, 31.02, 10.75, 0.04, -1.33
3684, -85.36, -5.43, 10.08, -0.04, -0.55
3715, -85.21, -35.49, 10.94, -0.12, -0.82
3745, -85.09, 2.34, 11.89, 0.08, -0.94
3774, -84.75, 34.74, 11.10, 0.00, -1.14
3805, -84.98, -1.15, 10.32, -0.08, -0.51
3835, -84.92, -31.58, 10.75, -0.12, -0.75
3866, -84.85, 4.31, 11.65, 0.16, -0.82
3896, -84.94, -25.51, 10.83, -0.20, -0.63
3927, -84.93, -51.60, 10.36, -0.16, -0.71
3957, -84.86, -74.92, 10.87, -0.08, -0.78
3988, -84.67, -93.90, 11.45, -0.16, -0.94
4019, -84.87, -46.20, 11.10, 0.00, -0.55
4049, -85.11, -6.71, 10.47, 0.04, -0.47
4080, -85.07, -36.70, 10.75, -0.08, -0.71
4111, -85.55, -59.25, 11.26, -0.08, -0.20
4149, -85.87, -80.31, 11.18, -0.08, -0.27
4179, -86.27, -98.69, 10.75, -0.04, -0.24
4210, -86.26, -113.49, 10.55, -0.12, -0.55
4241, -86.70, -94.95, 11.06, 0.00, 0.16
4272, -87.10, -76.75, 11.22, 0.04, 0.16
4302, -87.48, -42.67, 10.79, 0.16, -0.08
4333, -87.66, -33.97, 10.75, 0.04, 0.35
4364, -88.38, -26.10, 11.10, 0.04, 0.24
4395, -88.55, -16.34, 11.41, 0.12, 0.24
4424, -88.86, -35.39, 10.63, -0.12, -0.08
4455, -89.10, -26.45, 10.71, 0.04, 0.16
4486, -89.20, -7.68, 11.14, 0.31, 0.08
4526, -89.44, 19.04, 11.14, 0.20, -0.16
4563, -89.88, 17.00, 10.87, 0.00, 0.00
4593, -90.10, -7.01, 10.87, -0.08, -0.04
4624, -90.20, -33.74, 11.02, -0.08, -0.16
4655, -90.10, 4.48, 11.06, 0.04, -0.35
4685, -89.92, -22.39, 10.79, -0.24, -0.35
4716, -90.10, -46.30, 10.94, -0.04, -0.08
4747, -90.03, -6.74, 10.98, 0.04, -0.31
4777, -89.68, 25.95, 11.10, 0.12, -0.63
4808, -89.94, 55.42, 10.90, 0.00, -0.04
4839, -90.00, 18.71, 10.83, -0.08, -0.20
4870, -89.87, 46.13, 11.18, 0.12, -0.39
4909, -89.60, 7.71, 10.71, -0.12, -0.63
4939, -89.62, 40.52, 10.75, 0.00, -0.27
4970, -89.37, 67.83, 10.90, 0.00, -0.55
5000, -88.68, 25.36, 11.10, -0.08, -1.06
5030, -88.67, 54.66, 10.87, 0.00, -0.43
5061, -88.35, 14.23, 10.90, -0.04, -0.75
5092, -87.82, 45.04, 10.94, 0.00, -0.98
5123, -87.32, 8.54, 10.83, -0.27, -0.94
5153, -86.86, -22.82, 10.83, -0.24, -0.98
5184, -86.34, -51.03, 10.83, -0.08, -1.10
5215, -85.63, -73.45, 10.47, -0.27, -1.29
5245, -85.49, -29.18, 10.94, 0.00, -0.90
5275, -85.42, 8.25, 11.10, 0.00, -0.78
5315, -85.06, -25.46, 10.87, -0.12, -0.98
5346, -85.13, -52.73, 10.83, -0.12, -0.63
5377, -85.26, -10.79, 11.06, 0.00, -0.59
5407, -85.34, 24.25, 10.98, 0.00, -0.59
5438, -85.17, -9.59, 10.94, -0.20, -0.78
5469, -85.37, -39.82, 10.98, -0.04, -0.47
5499, -85.58, -65.20, 11.06, -0.04, -0.43
5530, -85.41, -22.47, 11.14, 0.04, -0.82
5561, -85.74, -50.06, 10.98, -0.04, -0.31
5592, -85.86, -72.93, 10.90, -0.08, -0.47
5622, -85.88, -28.53, 11.10, 0.00, -0.59
5653, -86.10, 8.98, 10.79, 0.00, -0.35
5691, -86.24, -24.69, 10.79, -0.04, -0.39
5722, -86.39, 9.72, 11.02, 0.12, -0.35
5752, -86.27, 41.19, 10.90, 0.04, -0.67
5783, -86.44, 3.17, 10.83, -0.04, -0.39
5814, -86.58, -26.50, 10.75, -0.12, -0.35
5844, -86.64, 9.83, 10.90, 0.04, -0.43
5874, -86.74, -20.12, 10.79, -0.16, -0.39
5905, -87.17, 11.23, 10.98, 0.04, -0.08
5936, -87.49, 34.34, 11.06, 0.12, -0.12
5966, -87.54, 61.04, 10.83, 0.04, -0.43
5997, -87.88, 64.83, 10.90, 0.12, 0.04
6028, -88.13, 59.81, 11.14, 0.08, 0.16
6204, -89.46, 8.01, 10.59, -0.08, -0.12
6420, -89.54, -58.62, 11.02, -0.04, -0.67
6447, -88.95, -92.29, 10.90, -0.08, -0.55
6473, -88.51, -113.96, 10.94, -0.08, -0.63
6500, -88.36, -52.27, 11.02, 0.00, -0.51
6526, -88.49, -7.66, 11.06, 0.04, -0.27
6553, -88.57, -37.15, 10.87, -0.08, -0.27
6581, -88.37, -59.33, 10.63, -0.24, -0.51
6607, -88.08, -79.10, 10.87, -0.20, -0.67
6634, -87.75, -97.93, 10.90, -0.04, -0.78
6664, -87.96, -50.88, 10.83, 0.00, -0.27
6690, -87.60, -71.66, 10.83, -0.20, -0.82
6723, -87.50, -29.02, 11.06, 0.04, -0.59
6753, -87.33, -54.61, 11.02, -0.08, -0.67
6784, -86.86, -77.24, 10.87, -0.04, -1.02
6810, -86.23, -94.47, 10.67, -0.24, -1.22
6837, -85.99, -108.19, 10.67, -0.24, -0.86
6863, -85.62, -121.28, 10.90, -0.12, -1.06
6890, -85.53, -72.68, 11.10, 0.04, -0.82
6917, -85.40, -90.46, 10.94, -0.12, -0.86
6943, -85.36, -106.39, 10.94, -0.04, -0.78
6971, -85.53, -59.80, 10.94, 0.00, -0.55
6996, -85.38, -77.27, 10.79, -0.27, -0.78
7024, -85.20, -93.73, 10.79, -0.16, -0.86
7058, -85.22, -49.42, 11.06, 0.12, -0.63
7085, -85.30, -10.02, 11.02, 0.00, -0.63
7111, -85.52, 20.61, 11.14, 0.12, -0.43
7138, -85.73, 47.42, 11.10, 0.08, -0.43
7165, -85.88, 12.51, 11.02, -0.08, -0.43
7192, -86.23, 42.01, 10.98, 0.00, -0.24
7219, -86.23, 11.93, 10.67, -0.31, -0.47
7245, -86.25, -18.12, 10.90, -0.08, -0.55
7272, -86.12, -44.61, 10.90, -0.04, -0.71
7300, -86.08, -6.99, 11.06, 0.00, -0.67
7326, -86.22, 22.80, 11.10, 0.12, -0.47
7353, -86.35, -9.43, 10.94, -0.04, -0.47
7386, -86.59, -37.36, 10.94, -0.04, -0.31
7412, -86.54, -58.42, 11.10, -0.24, -0.59
7440, -86.33, -78.01, 10.63, -0.16, -0.78
7467, -86.45, -94.96, 10.75, -0.08, -0.47
7493, -86.52, -107.98, 10.79, -0.16, -0.51
7520, -86.56, -121.28, 10.94, -0.04, -0.59
7547, -86.62, -72.67, 11.06, 0.04, -0.55
7574, -87.29, -32.90, 11.10, 0.08, -0.31
7601, -87.42, 2.36, 10.94, 0.04, -0.35
7627, -87.67, 28.20, 11.10, 0.12, -0.20
7655, -87.93, 50.97, 10.98, 0.08, -0.16
7682, -88.34, 44.26, 10.94, 0.00, 0.00
7715, -88.46, 69.13, 10.94, 0.04, -0.31
7742, -88.45, 84.28, 11.14, 0.24, -0.31
7769, -88.60, 103.34, 11.02, 0.00, -0.24
7795, -88.61, 118.32, 10.94, 0.04, -0.35
7823, -88.76, 128.34, 10.94, 0.08, -0.20
7849, -89.08, 140.47, 10.87, 0.00, -0.04
7876, -89.29, 139.89, 10.98, 0.08, -0.04
7903, -89.14, 92.10, 10.67, -0.16, -0.43
7929, -88.87, 50.43, 10.87, -0.16, -0.59
7957, -88.54, 13.95, 10.87, -0.12, -0.71
7984, -88.29, -18.21, 10.94, -0.04, -0.67
8010, -88.08, 15.13, 10.94, 0.00, -0.67
8037, -87.96, 42.92, 10.98, 0.04, -0.59
8070, -88.03, 6.74, 10.83, -0.08, -0.43
8096, -87.57, -24.41, 10.87, -0.12, -0.94
8124, -87.09, -50.40, 10.67, -0.16, -1.02
8151, -86.91, -71.35, 10.71, -0.20, -0.75
8177, -86.75, -91.15, 10.87, -0.04, -0.78
8204, -86.63, -107.87, 10.98, -0.04, -0.75
8231, -86.75, -61.59, 11.06, 0.04, -0.55
8258, -86.81, -22.13, 11.06, 0.04, -0.55
8285, -86.85, -48.03, 11.02, -0.08, -0.55
8311, -86.80, -69.67, 10.94, -0.12, -0.63
8339, -86.99, -28.31, 10.98, 0.00, -0.39
8366, -86.77, -50.65, 10.71, -0.31, -0.75
8399, -86.56, -74.19, 11.02, -0.04, -0.78
8426, -86.40, -30.94, 11.02, 0.00, -0.78
8460, -86.67, -56.00, 10.94, -0.08, -0.35
8487, -86.88, -74.18, 10.98, -0.16, -0.31
8514, -86.95, -93.15, 10.98, -0.04, -0.43
8541, -86.67, -105.80, 10.59, -0.31, -0.71
8568, -86.35, -117.98, 10.87, -0.24, -0.86
8595, -85.98, -129.31, 10.87, -0.16, -0.98
8623, -85.75, -139.15, 10.98, -0.12, -0.90
8649, -85.59, -147.83, 11.10, -0.08, -0.86
8677, -85.60, -94.07, 11.10, 0.00, -0.71
8704, -85.72, -109.48, 11.10, -0.04, -0.55
8736, -85.97, -61.22, 11.10, 0.04, -0.39
8763, -86.01, -79.11, 10.79, -0.20, -0.55
8791, -85.83, -95.23, 10.90, -0.20, -0.82
8817, -85.95, -105.91, 10.79, -0.27, -0.47
8844, -85.98, -118.34, 10.94, -0.12, -0.63
8871, -85.98, -128.26, 10.79, -0.16, -0.63
8898, -86.09, -137.63, 10.94, -0.08, -0.55
8925, -86.37, -86.15, 11.10, 0.04, -0.35
8951, -86.64, -43.64, 10.98, 0.08, -0.31
8979, -86.86, -5.06, 11.02, 0.00, -0.35
9006, -87.03, 24.60, 11.02, 0.12, -0.35
9032, -87.37, 52.94, 10.90, 0.00, -0.16
9066, -87.31, 16.76, 10.87, -0.12, -0.51
9094, -87.34, 46.04, 10.98, 0.04, -0.47
9120, -87.47, 68.25, 11.02, 0.12, -0.35
9147, -87.62, 89.04, 10.98, 0.04, -0.35
9174, -87.72, 107.65, 10.90, 0.00, -0.35
9200, -87.85, 119.37, 10.94, 0.12, -0.27
9228, -88.00, 131.88, 10.90, 0.04, -0.27
9254, -88.26, 87.70, 10.98, -0.08, -0.12
9281, -88.35, 48.78, 10.67, -0.12, -0.24
9309, -88.26, 14.46, 10.90, -0.16, -0.43
9335, -88.10, -17.54, 10.83, -0.04, -0.59
9362, -88.02, -44.70, 10.90, -0.04, -0.51
9395, -88.16, -9.31, 10.98, 0.12, -0.31
9422, -88.31, 24.05, 10.94, 0.00, -0.27
9449, -88.55, 52.11, 10.94, 0.00, -0.16
9476, -88.58, 18.06, 10.79, -0.16, -0.31
9502, -88.42, -12.66, 10.90, -0.16, -0.55
9529, -88.15, -38.79, 10.79, -0.20, -0.71
9556, -88.08, -61.47, 10.79, -0.12, -0.51
9583, -87.89, -81.21, 10.83, -0.12, -0.67
9610, -87.80, -99.02, 10.90, -0.04, -0.59
9636, -87.79, -114.06, 11.02, -0.04, -0.51
9663, -87.79, -66.51, 10.94, 0.04, -0.51
9691, -87.88, -86.04, 11.02, -0.04, -0.39
9724, -87.76, -101.96, 10.90, -0.16, -0.59
9751, -87.32, -116.20, 10.87, -0.12, -0.94
9779, -87.14, -128.87, 10.94, -0.04, -0.75
9805, -86.96, -139.52, 10.98, -0.04, -0.78
9832, -86.86, -87.72, 11.10, 0.08, -0.71
9860, -86.83, -45.11, 11.06, 0.16, -0.63
9886, -86.82, -7.10, 10.98, 0.04, -0.63
9913, -86.83, -35.49, 11.02, -0.04, -0.59
9939, -86.88, -57.37, 11.10, -0.16, -0.51
9967, -86.95, -78.17, 10.98, -0.04, -0.51
9994, -87.05, -94.00, 10.94, -0.12, -0.43
10020, -86.91, -106.01, 10.63, -0.27, -0.63
10054, -86.70, -120.52, 11.02, -0.04, -0.82
10081, -86.62, -131.62, 10.98, -0.08, -0.67
10108, -86.56, -79.18, 11.10, 0.00, -0.67
10138, -86.49, -34.79, 10.98, 0.04, -0.67
10169, -86.50, -59.73, 10.75, -0.04, -0.59
10196, -86.26, -78.04, 10.98, -0.27, -0.82
10224, -86.10, -93.74, 10.94, -0.24, -0.78
10251, -85.91, -107.08, 10.87, -0.24, -0.82
10278, -85.60, -117.68, 10.79, -0.35, -0.98
10306, -85.43, -125.08, 10.67, -0.43, -0.78
10333, -85.61, -133.55, 10.79, -0.16, -0.55
10369, -85.72, -82.25, 10.87, 0.16, -0.55
10395, -85.87, -40.55, 10.87, 0.24, -0.51
10423, -85.91, -1.87, 10.83, 0.04, -0.63
10449, -86.26, -29.00, 11.02, -0.08, -0.27
10477, -86.47, -50.53, 11.10, -0.16, -0.35
10505, -86.63, -69.15, 11.10, -0.16, -0.39
10531, -87.00, -86.27, 10.98, -0.04, -0.16
10559, -87.32, -40.88, 10.87, 0.00, -0.16
10587, -87.54, -62.66, 10.83, -0.04, -0.20
10613, -87.71, -20.88, 10.90, 0.00, -0.24
10641, -87.58, -42.97, 10.71, -0.24, -0.47
10668, -87.52, -4.20, 10.63, 0.00, -0.51
10701, -88.07, 23.47, 10.90, 0.24, -0.31
10728, -88.20, 49.60, 11.10, 0.08, -0.24
10756, -88.22, 15.32, 11.06, -0.12, -0.31
10782, -88.28, -12.06, 11.14, -0.16, -0.27
10810, -88.37, 22.11, 10.94, 0.00, -0.27
10836, -88.36, 43.99, 10.75, 0.24, -0.27
10864, -88.50, 64.23, 10.79, 0.12, -0.20
10891, -88.56, 73.87, 10.90, 0.27, -0.08
10918, -88.47, 36.40, 10.67, -0.16, -0.39
10945, -88.32, 3.66, 11.06, -0.16, -0.51
10976, -88.50, -13.84, 10.94, -0.20, -0.04
11006, -88.40, -36.04, 10.98, -0.31, -0.39
11047, -88.11, 4.36, 11.06, 0.00, -0.71
11078, -88.35, 28.08, 10.94, 0.16, -0.12
11109, -88.31, 52.31, 10.51, 0.20, -0.35
11140, -88.10, 70.58, 10.94, 0.39, -0.47
11170, -88.20, 93.15, 10.94, 0.00, -0.31
11201, -88.45, 48.66, 11.06, -0.04, -0.16
11232, -88.35, 13.79, 11.10, -0.24, -0.43
11262, -88.44, -9.88, 10.90, -0.27, -0.16
11293, -88.34, -39.99, 10.98, -0.04, -0.47
11324, -88.24, -3.04, 11.02, 0.12, -0.47
11355, -88.19, -33.15, 10.55, -0.08, -0.43
11385, -88.22, -0.55, 10.83, 0.20, -0.31
11424, -88.27, 31.79, 11.14, 0.08, -0.35
11455, -88.00, -5.37, 10.98, -0.08, -0.67
11486, -88.03, -33.10, 10.90, -0.16, -0.35
11516, -87.84, -56.74, 11.06, -0.24, -0.59
11547, -87.56, -77.81, 11.18, -0.20, -0.75
11578, -87.45, -94.60, 10.71, -0.20, -0.55
11609, -87.39, -111.56, 10.83, -0.04, -0.55
11639, -87.24, -62.63, 11.10, 0.12, -0.63
11670, -86.84, -83.28, 10.90, -0.16, -0.86
11701, -86.83, -36.83, 10.98, 0.00, -0.55
11731, -86.68, -62.00, 10.94, -0.08, -0.67
11762, -86.30, -81.82, 10.83, -0.24, -0.90
11936, -86.44, -111.34, 10.79, -0.08, -0.20
12131, -86.50, -19.73, 11.02, 0.04, -0.31
12162, -86.76, 36.25, 10.90, 0.04, -0.43
12188, -86.74, 73.07, 10.83, 0.00, -0.59
12216, -86.79, 95.57, 10.94, 0.16, -0.51
12242, -86.83, 115.34, 10.87, 0.04, -0.55
12276, -87.36, 67.24, 10.87, -0.04, -0.08
12303, -87.63, 30.33, 10.90, -0.16, -0.20
12329, -87.62, -1.55, 10.83, -0.24, -0.43
12357, -87.49, -29.13, 10.71, -0.24, -0.59
12384, -87.34, -53.72, 11.06, -0.16, -0.67
12411, -87.31, -76.03, 11.02, -0.04, -0.59
12444, -87.58, -36.48, 11.06, 0.12, -0.27
12471, -87.66, -4.46, 11.06, 0.24, -0.39
12497, -87.82, 25.68, 10.94, 0.08, -0.35
12524, -87.95, 53.29, 10.90, 0.00, -0.35
12552, -87.67, 17.31, 10.75, -0.16, -0.75
12578, -87.62, -11.19, 10.94, -0.24, -0.51
12605, -87.53, -37.88, 10.87, -0.12, -0.63
12632, -87.35, -60.94, 10.98, -0.12, -0.75
12658, -87.35, -81.48, 11.02, -0.04, -0.59
12686, -87.39, -39.56, 11.18, 0.04, -0.55
12712, -87.46, -4.49, 10.87, 0.08, -0.51
12739, -87.57, 24.39, 10.98, 0.12, -0.43
12773, -87.25, -8.74, 10.87, -0.12, -0.86
12801, -86.95, 24.17, 10.90, 0.00, -0.90
12827, -86.84, -8.95, 11.02, -0.08, -0.75
12855, -86.73, -37.54, 11.10, -0.04, -0.75
12881, -86.69, -60.67, 11.10, -0.12, -0.67
12909, -86.70, -81.42, 11.10, -0.04, -0.63
12936, -86.67, -38.38, 10.90, 0.00, -0.67
12963, -86.56, -62.40, 10.90, -0.04, -0.75
12990, -86.63, -22.14, 10.94, 0.00, -0.55
13018, -86.74, -48.17, 10.94, -0.04, -0.47
13044, -86.84, -70.38, 10.87, -0.04, -0.47
13077, -86.66, -88.25, 10.67, -0.20, -0.71
13105, -86.50, -103.12, 10.79, -0.20, -0.75
13132, -86.45, -117.04, 10.79, -0.08, -0.67
13159, -86.30, -129.44, 10.94, -0.04, -0.78
13187, -86.34, -138.47, 11.06, -0.12, -0.59
13213, -86.34, -146.79, 11.22, -0.08, -0.63
13240, -86.45, -153.50, 11.10, -0.08, -0.51
13267, -86.57, -159.06, 11.02, -0.08, -0.47
13295, -86.65, -104.61, 10.98, 0.04, -0.51
13322, -86.74, -58.97, 10.98, 0.08, -0.47
13349, -86.76, -79.19, 10.94, -0.04, -0.55
13376, -87.05, -38.84, 10.98, 0.08, -0.24
13411, -86.86, -62.47, 10.87, -0.08, -0.71
13437, -86.70, -20.29, 10.90, 0.00, -0.71
13465, -86.77, -46.63, 11.06, -0.04, -0.51
13492, -86.83, -7.44, 11.06, 0.00, -0.51
13518, -86.81, 24.35, 10.98, 0.08, -0.55
13545, -86.92, 51.78, 10.87, 0.04, -0.43
13573, -87.02, 72.27, 10.94, 0.16, -0.39
13599, -87.13, 32.67, 10.90, -0.04, -0.39
13627, -87.38, 59.51, 10.87, 0.00, -0.24
13654, -87.69, 26.54, 10.98, -0.08, -0.12
13680, -87.77, -1.30, 10.75, -0.20, -0.27
13708, -87.61, -27.78, 10.79, -0.20, -0.55
13741, -87.62, 9.01, 10.98, 0.00, -0.47
13767, -87.80, -21.68, 10.98, -0.04, -0.27
13795, -87.97, 12.13, 10.87, 0.04, -0.27
13821, -88.09, 40.89, 11.02, 0.04, -0.31
13849, -88.31, 66.45, 10.83, 0.00, -0.16
13876, -88.48, 88.06, 10.98, 0.00, -0.20
13902, -88.44, 48.41, 10.75, -0.16, -0.39
13929, -88.15, 14.67, 10.94, -0.27, -0.67
13960, -88.57, 12.97, 10.87, 0.00, 0.00
13989, -88.60, 42.11, 11.14, 0.04, -0.35
14017, -88.55, 67.60, 11.06, 0.00, -0.43
14044, -88.53, 89.03, 10.98, 0.00, -0.39
14078, -88.53, 48.83, 10.75, -0.20, -0.35
14106, -88.28, 13.44, 10.83, -0.24, -0.59
14133, -88.07, -18.81, 10.83, -0.08, -0.63
14160, -87.72, -46.27, 10.87, -0.08, -0.82
14188, -87.46, -69.42, 10.94, -0.08, -0.78
14215, -87.30, -27.65, 11.06, 0.00, -0.75
14242, -87.20, -53.78, 11.06, -0.04, -0.67
14269, -87.26, -75.80, 11.02, -0.04, -0.51
14297, -87.28, -34.58, 11.10, 0.08, -0.55
14323, -87.26, 1.86, 10.94, 0.00, -0.59
14350, -83.43, -5.66, 15.81, -3.65, 3.77
14377, -70.87, -7.11, 2.67, -2.67, 10.16
14410, -71.89, 6.27, 10.20, 1.14, 0.47
14437, -72.81, 8.43, 19.61, 0.82, 2.90
14465, -71.29, 35.57, 3.96, 0.51, -1.53
14491, -72.52, 61.66, 4.98, 0.00, -0.71
14518, -73.97, 81.90, 15.06, 0.27, -1.41
14545, -75.77, 97.88, 15.26, 0.24, -0.75
14572, -76.52, 81.33, 8.59, -0.27, 1.29
14600, -77.76, 72.25, 6.94, 0.16, 0.51
14626, -78.53, 60.54, 14.71, -0.16, 1.57
14654, -79.69, 52.28, 13.53, 0.08, 1.02
14681, -80.93, 70.52, 10.20, 0.24, -0.43
14708, -82.21, 37.60, 12.40, -0.24, -0.20
14742, -82.86, 0.13, 9.53, -0.04, -0.78
14770, -83.47, 27.30, 9.45, 0.31, -0.67
14796, -84.47, 25.46, 14.51, 0.08, 0.31
14824, -85.20, 16.80, 11.57, -0.24, 0.47
14851, -85.97, 7.42, 7.53, -0.16, 0.20
14877, -86.48, 0.30, 11.22, -0.24, 0.35
14905, -87.28, -5.76, 13.45, -0.08, 0.12
14931, -88.02, 7.28, 11.02, 0.12, 0.04
14959, -88.41, 7.26, 10.75, 0.04, 0.31
14986, -88.66, 6.01, 10.83, 0.00, 0.47
15012, -89.10, 6.58, 9.61, 0.04, 0.24
15040, -89.54, 31.81, 12.94, 0.08, -0.16
15067, -90.07, 34.66, 11.85, 0.04, 0.04
15099, -90.60, 26.00, 9.77, -0.04, 0.12
15127, -90.73, -0.76, 9.73, -0.20, -0.16
15154, -91.00, -19.77, 12.71, -0.12, -0.04
15181, -91.06, 14.31, 11.92, 0.00, -0.35
15208, -90.99, 40.25, 10.16, 0.12, -0.39
15235, -90.88, 5.83, 10.36, -0.12, -0.39
15262, -90.35, -25.29, 9.61, -0.08, -0.78
15289, -89.53, 9.30, 11.02, 0.00, -1.26
15315, -89.17, 38.70, 11.96, 0.00, -0.94
15343, -88.48, 3.52, 10.12, -0.20, -1.14
15370, -87.78, -25.49, 9.89, -0.31, -1.14
15396, -87.30, -50.52, 11.41, -0.27, -1.14
15431, -86.99, -74.21, 11.89, -0.12, -1.02
15459, -86.64, -31.09, 10.36, 0.00, -0.94
15485, -86.37, 3.70, 10.12, 0.12, -0.82
15512, -86.14, -27.79, 10.71, -0.04, -0.86
15540, -85.56, -53.31, 10.51, -0.20, -1.22
15566, -84.99, -75.93, 11.53, -0.08, -1.37
15594, -84.60, -94.36, 10.87, -0.16, -1.18
15621, -84.14, -109.99, 10.08, -0.16, -1.22
15648, -83.92, -122.70, 10.98, -0.20, -1.06
15681, -83.94, -134.29, 11.49, -0.16, -0.82
15709, -84.09, -143.52, 11.02, -0.12, -0.71
15735, -84.26, -152.20, 10.16, -0.04, -0.59
15769, -83.92, -159.00, 10.51, -0.20, -1.02
15796, -83.75, -165.10, 11.18, -0.08, -1.06
15823, -83.50, -170.21, 11.02, -0.08, -1.14
15850, -83.36, -174.01, 10.79, -0.12, -1.02
15878, -83.30, -176.21, 10.75, -0.20, -0.94
15905, -83.39, -178.65, 10.87, -0.12, -0.82
15932, -83.54, -181.53, 11.22, -0.04, -0.75
15959, -83.83, -123.47, 11.34, 0.08, -0.59
15986, -84.03, -134.28, 10.55, -0.04, -0.59
16013, -84.44, -141.91, 10.71, -0.08, -0.35
16040, -84.86, -149.41, 11.38, -0.04, -0.35
16074, -84.94, -156.28, 11.30, -0.08, -0.59
16102, -85.14, -161.14, 10.94, -0.08, -0.51
16129, -85.56, -105.02, 10.90, 0.04, -0.27
16156, -86.03, -116.58, 11.18, -0.04, -0.16
16183, -86.61, -97.54, 11.38, 0.00, 0.00
16209, -87.09, -76.79, 11.30, 0.04, 0.08
16236, -87.43, -55.97, 10.83, 0.12, 0.12
16264, -87.63, -43.28, 10.90, 0.08, 0.27
16290, -87.75, -33.32, 11.26, 0.08, 0.39
16317, -88.03, -37.70, 10.94, -0.24, 0.12
16345, -88.34, -56.94, 10.94, -0.08, -0.16
16371, -88.43, -75.98, 10.79, -0.08, -0.39
16404, -88.92, -54.80, 11.18, 0.04, 0.04
16431, -89.26, -13.37, 11.18, 0.00, -0.08
16458, -89.53, 2.64, 11.06, 0.12, 0.04
16485, -89.85, 19.29, 10.83, 0.04, 0.00
16512, -89.83, -8.72, 10.63, -0.16, -0.31
16538, -89.67, -32.54, 11.06, -0.24, -0.47
16566, -89.46, -54.78, 10.94, -0.16, -0.59
16592, -89.51, -71.73, 10.79, -0.16, -0.31
16620, -89.39, -87.52, 10.51, -0.16, -0.47
16647, -89.34, -103.29, 10.79, -0.04, -0.47
16673, -89.34, -57.53, 11.02, 0.08, -0.39
16704, -89.36, -15.82, 10.98, 0.00, -0.43
16744, -89.79, -28.11, 10.75, -0.04, 0.00
16774, -89.76, -51.55, 10.75, -0.12, -0.31
16804, -89.92, -15.05, 11.18, 0.08, -0.12
16835, -89.65, -43.46, 10.98, -0.04, -0.59
16866, -89.74, -66.01, 10.75, -0.04, -0.20
16897, -89.53, -82.62, 10.59, -0.20, -0.43
16927, -88.98, -36.32, 11.06, 0.08, -0.86
16958, -88.84, -59.41, 10.94, -0.12, -0.47
16989, -88.48, -79.15, 10.79, -0.16, -0.71
17019, -88.13, -32.52, 10.79, 0.00, -0.71
17049, -87.53, -55.49, 10.94, -0.31, -0.98
17088, -87.34, -10.91, 10.98, 0.00, -0.67
17119, -86.93, -38.30, 10.71, -0.24, -0.82
17149, -86.33, -62.96, 10.79, -0.12, -1.10
17179, -85.84, -81.94, 10.75, -0.27, -1.02
17210, -85.60, -98.77, 10.90, -0.16, -0.86
17241, -85.57, -114.15, 10.90, -0.04, -0.67
17271, -85.12, -125.79, 10.67, -0.20, -1.06
17302, -85.33, -71.76, 11.02, 0.00, -0.47
17333, -85.53, -28.77, 11.14, 0.12, -0.47
17362, -85.34, -54.94, 10.98, -0.04, -0.82
17393, -85.17, -73.41, 10.63, -0.31, -0.75
17424, -85.32, -27.68, 10.98, 0.00, -0.51
17604, -85.13, -57.16, 10.83, -0.16, -0.20
17801, -85.84, 28.07, 11.14, 0.00, -0.27
17827, -86.67, 69.54, 11.18, 0.04, -0.20
17854, -87.34, 18.31, 11.10, -0.04, -0.08
17882, -87.81, 25.43, 11.06, 0.08, 0.08
17908, -88.24, 58.13, 10.98, 0.00, -0.08
17935, -88.48, 54.50, 11.06, 0.08, 0.16
17961, -88.78, 46.65, 10.98, 0.00, 0.08
17988, -88.78, 20.32, 10.51, -0.31, -0.12
18015, -88.67, -11.44, 10.83, -0.12, -0.47
18041, -88.69, -39.60, 10.90, -0.04, -0.39
18068, -88.73, -3.16, 11.10, 0.04, -0.39
18102, -89.01, -30.05, 10.98, -0.08, -0.20
18128, -89.29, -51.80, 10.83, -0.04, -0.08
18155, -89.29, -68.56, 10.75, -0.20, -0.27
18182, -89.05, -87.52, 10.83, -0.08, -0.59
18208, -88.96, -103.27, 10.83, -0.08, -0.47
18235, -88.89, -117.47, 10.90, -0.04, -0.47
18262, -88.84, -129.50, 10.87, -0.04, -0.47
18288, -88.73, -80.49, 11.02, 0.04, -0.55
18314, -88.86, -40.55, 11.06, 0.08, -0.27
18340, -89.13, -3.73, 11.06, 0.00, -0.12
18367, -89.00, -29.62, 10.63, -0.16, -0.47
18394, -88.51, -53.22, 10.75, -0.16, -0.90
18427, -88.39, -75.38, 10.98, -0.04, -0.59
18455, -88.24, -32.96, 10.98, 0.04, -0.63
18482, -88.22, -57.44, 10.90, -0.04, -0.47
18508, -88.24, -78.08, 10.90, -0.04, -0.43
18535, -88.20, -94.89, 10.90, -0.08, -0.47
18563, -88.26, -109.73, 10.87, -0.04, -0.35
18589, -87.93, -120.27, 10.51, -0.24, -0.71
18616, -87.38, -129.79, 10.83, -0.27, -1.02
18643, -86.93, -139.31, 10.87, -0.12, -1.02
18670, -86.61, -148.08, 10.94, -0.04, -0.94
18698, -86.29, -155.13, 11.06, -0.08, -0.98
18731, -86.30, -99.55, 10.94, 0.00, -0.63
18757, -86.27, -114.05, 10.83, -0.04, -0.67
18784, -86.36, -125.38, 10.90, -0.08, -0.51
18811, -86.09, -133.36, 10.94, -0.27, -0.86
18838, -85.61, -141.16, 10.75, -0.24, -1.14
18865, -85.45, -146.58, 10.75, -0.27, -0.82
18892, -85.23, -152.68, 10.87, -0.16, -0.94
18919, -85.14, -158.55, 10.90, -0.08, -0.86
18946, -85.10, -163.93, 11.06, -0.04, -0.82
18972, -85.24, -107.68, 11.18, 0.00, -0.63
19000, -85.41, -119.51, 10.94, -0.08, -0.55
19026, -85.56, -128.72, 10.98, -0.12, -0.51
19060, -85.44, -137.88, 10.87, -0.12, -0.75
19088, -85.29, -145.81, 10.90, -0.08, -0.86
19115, -85.27, -151.79, 10.94, -0.12, -0.75
19141, -85.33, -157.79, 10.94, -0.04, -0.67
19169, -85.53, -162.65, 11.18, -0.04, -0.51
19195, -85.74, -166.68, 11.02, -0.04, -0.47
19222, -86.03, -110.31, 11.06, 0.04, -0.35
19249, -86.27, -121.71, 11.02, -0.04, -0.35
19276, -86.62, -72.90, 10.94, 0.04, -0.20
19303, -86.99, -88.46, 10.94, -0.04, -0.16
19330, -87.38, -88.74, 10.87, -0.04, 0.00
19362, -87.40, -103.16, 10.98, -0.08, -0.47
19390, -87.50, -55.15, 10.98, 0.04, -0.35
19417, -87.67, -14.96, 11.14, 0.04, -0.27
19447, -87.76, 20.02, 10.94, 0.04, -0.35
19478, -87.82, -3.99, 10.87, -0.27, -0.24
19505, -87.76, -29.90, 10.83, -0.16, -0.47
19532, -87.64, -52.35, 10.75, -0.16, -0.59
19559, -87.48, -70.90, 10.71, -0.20, -0.63
19587, -87.59, -85.85, 10.79, -0.16, -0.39
19614, -87.74, -101.33, 10.90, -0.04, -0.39
19641, -87.80, -113.69, 10.79, -0.08, -0.43
19668, -87.81, -124.46, 10.98, -0.08, -0.51
19703, -88.20, -71.34, 11.02, 0.00, -0.12
19730, -88.32, -87.86, 10.94, -0.08, -0.31
19758, -88.70, -41.17, 10.94, 0.00, -0.04
19784, -89.00, -22.06, 11.10, 0.08, 0.04
19811, -89.08, -39.19, 10.75, -0.20, -0.16
19838, -88.91, -58.95, 10.90, -0.20, -0.51
19865, -88.60, -77.77, 10.87, -0.12, -0.71
19893, -88.41, -94.80, 10.83, -0.04, -0.63
19919, -88.29, -108.58, 10.94, -0.08, -0.59
19947, -88.20, -60.32, 10.98, 0.04, -0.55
19974, -88.02, -79.92, 10.98, -0.04, -0.67
20001, -88.09, -96.27, 11.02, -0.04, -0.43
20034, -88.23, -109.42, 10.87, -0.08, -0.35
20061, -88.25, -120.54, 10.87, -0.08, -0.39
20088, -88.04, -130.03, 10.71, -0.12, -0.63
20115, -87.72, -138.36, 10.87, -0.12, -0.78
20143, -87.22, -144.90, 10.63, -0.20, -0.98
20170, -86.77, -150.92, 10.71, -0.16, -1.02
20197, -86.55, -153.69, 10.67, -0.31, -0.78
20224, -86.44, -157.70, 10.90, -0.16, -0.75
20251, -86.40, -162.07, 10.94, -0.08, -0.71
20279, -86.36, -166.26, 10.98, -0.04, -0.71
20305, -86.40, -108.92, 11.06, 0.04, -0.63
20340, -86.41, -118.76, 10.98, -0.20, -0.59
20368, -86.67, -68.92, 11.06, 0.08, -0.31
20395, -86.85, -24.66, 10.94, 0.00, -0.39
20421, -86.83, -46.45, 10.87, -0.20, -0.51
20449, -86.61, -63.72, 10.94, -0.35, -0.67
20475, -86.33, -81.85, 10.90, -0.12, -0.86
20503, -85.94, -97.49, 10.94, -0.12, -1.02
20530, -85.79, -110.99, 11.06, -0.08, -0.82
20557, -85.78, -122.82, 11.02, -0.04, -0.71
20584, -85.76, -71.39, 11.10, 0.00, -0.71
20612, -85.95, -29.28, 11.18, 0.08, -0.47
20638, -86.09, 8.17, 10.94, 0.00, -0.51
20672, -86.39, -21.09, 10.90, -0.04, -0.27
20699, -86.43, -44.55, 10.67, -0.16, -0.51
20726, -86.39, -66.07, 10.98, -0.08, -0.63
20753, -86.17, -82.12, 10.79, -0.27, -0.78
20780, -86.34, -95.61, 10.83, -0.16, -0.43
20807, -86.24, -107.66, 10.75, -0.20, -0.67
20834, -86.12, -119.66, 10.75, -0.08, -0.75
20861, -86.13, -129.68, 11.02, -0.08, -0.63
20888, -86.21, -138.01, 11.06, -0.08, -0.55
20916, -86.34, -145.68, 11.10, -0.04, -0.51
20942, -86.51, -151.18, 10.90, -0.08, -0.43
20977, -87.00, -125.88, 10.79, 0.00, 0.08
21005, -87.26, -131.57, 10.79, -0.12, -0.24
21031, -87.25, -135.28, 10.94, -0.27, -0.43
21059, -87.05, -142.48, 10.83, -0.12, -0.75
21086, -87.08, -147.85, 10.79, -0.12, -0.51
21113, -87.21, -92.25, 10.94, 0.00, -0.43
21140, -87.33, -45.06, 11.06, 0.00, -0.43
21174, -87.57, -55.76, 10.87, -0.27, -0.12
21201, -87.94, -16.44, 11.14, 0.04, -0.12
21228, -88.29, 8.66, 10.94, 0.08, -0.04
21255, -88.57, -18.69, 10.90, -0.04, -0.12
21282, -88.86, -37.29, 10.94, -0.04, -0.04
21316, -88.83, -56.69, 10.83, -0.20, -0.39
21343, -88.75, -75.14, 10.87, -0.12, -0.43
21370, -88.72, -30.16, 10.94, 0.00, -0.39
21397, -88.66, -53.27, 10.98, -0.08, -0.43
21425, -88.62, -12.03, 11.02, 0.00, -0.43
21451, -88.62, 20.89, 10.79, 0.08, -0.39
21479, -88.60, 46.13, 10.98, 0.20, -0.39
21506, -88.60, 11.91, 10.83, -0.08, -0.39
21533, -88.61, -15.10, 10.98, -0.16, -0.35
21560, -88.59, -31.73, 10.90, -0.35, -0.20
21586, -88.23, -51.38, 11.02, -0.39, -0.71
21614, -87.96, -69.33, 10.75, -0.27, -0.67
21649, -87.88, -24.72, 10.98, 0.00, -0.59
21676, -87.80, 10.33, 10.94, 0.12, -0.55
21703, -87.68, -19.97, 10.90, -0.08, -0.59
21730, -87.68, 15.21, 11.02, 0.04, -0.51
21757, -87.70, 42.99, 10.98, 0.12, -0.43
21784, -87.76, 68.14, 10.98, 0.04, -0.39
21811, -87.88, 31.72, 10.90, -0.12, -0.31
21838, -87.97, 2.28, 10.94, -0.16, -0.27
21865, -87.98, -23.79, 11.02, -0.16, -0.35
21893, -87.74, -43.62, 10.71, -0.39, -0.51
21919, -87.35, -62.19, 10.90, -0.39, -0.75
21947, -86.75, -81.76, 10.79, -0.12, -1.10
21980, -86.62, -36.64, 10.94, 0.04, -0.67
22007, -86.52, 1.30, 10.94, 0.04, -0.67
22035, -86.49, -27.30, 10.90, -0.12, -0.59
22062, -86.59, 9.32, 11.02, 0.00, -0.47
22089, -86.53, -19.65, 10.94, -0.16, -0.59
22116, -86.59, -41.87, 11.14, -0.24, -0.43
22144, -86.67, -60.32, 11.14, -0.24, -0.39
22170, -86.85, -75.24, 11.02, -0.20, -0.27
22198, -86.72, -89.71, 10.98, -0.27, -0.59
22224, -86.52, -104.15, 10.79, -0.16, -0.71
22252, -86.39, -115.03, 10.75, -0.24, -0.63
22280, -86.49, -126.11, 10.87, -0.08, -0.47
22315, -86.67, -75.61, 11.06, 0.08, -0.35
22343, -86.98, -32.44, 11.10, 0.04, -0.20
22374, -87.02, -50.35, 10.71, -0.31, -0.31
22405, -87.29, -65.60, 11.06, -0.16, -0.16
22435, -87.65, -81.85, 10.94, -0.04, -0.08
22466, -87.61, -94.79, 11.06, -0.24, -0.39
22497, -88.05, -78.58, 10.98, 0.00, 0.00
22528, -88.22, -95.07, 10.75, -0.04, -0.16
22558, -88.18, -50.34, 11.02, 0.16, -0.35
22589, -88.43, -45.79, 10.94, -0.04, 0.08
22620, -88.52, -8.27, 10.98, 0.08, -0.20
22659, -88.77, -30.63, 11.06, -0.04, -0.04
22689, -88.41, -55.28, 10.90, -0.16, -0.63
22720, -88.67, -56.79, 10.87, -0.08, 0.04
22751, -88.91, -34.63, 11.18, 0.08, 0.04
22781, -88.83, 4.36, 10.98, 0.04, -0.39
22812, -89.09, 21.60, 10.87, 0.04, 0.00
22842, -89.21, 49.94, 10.71, 0.04, -0.16
22873, -89.16, 73.78, 11.06, 0.08, -0.31
22903, -89.03, 33.73, 10.67, -0.12, -0.39
22937, -89.07, -0.66, 10.75, -0.08, -0.27
22972, -89.06, -25.64, 10.79, -0.20, -0.24
23003, -88.99, -52.88, 11.06, -0.04, -0.39
23176, -89.54, -81.30, 10.79, -0.12, -0.16
23375, -88.91, 4.23, 11.10, 0.08, -0.51
23402, -88.25, -45.93, 10.94, -0.04, -0.67
23429, -87.91, -76.70, 10.90, -0.08, -0.59
23456, -87.74, -98.27, 10.79, -0.08, -0.51
23483, -87.82, -113.56, 10.94, -0.08, -0.31
23511, -87.62, -124.55, 10.94, -0.20, -0.55
23537, -87.56, -133.39, 10.90, -0.16, -0.43
23565, -87.66, -141.69, 10.83, -0.08, -0.31
23591, -87.49, -148.93, 10.90, -0.12, -0.55
23619, -87.12, -154.19, 11.02, -0.24, -0.78
23646, -86.72, -160.58, 10.90, -0.08, -0.90
23680, -86.67, -104.22, 11.14, 0.04, -0.55
23706, -86.65, -56.40, 10.98, 0.04, -0.55
23734, -86.55, -76.01, 10.98, -0.12, -0.63
23760, -86.66, -90.65, 11.02, -0.16, -0.39
23787, -86.77, -103.96, 11.10, -0.12, -0.39
23815, -86.90, -56.70, 11.02, 0.00, -0.35
23841, -87.07, -73.66, 10.98, -0.12, -0.27
23869, -86.88, -88.09, 11.06, -0.27, -0.63
23896, -86.67, -103.88, 10.83, -0.04, -0.71
23923, -86.34, -115.28, 10.83, -0.24, -0.86
23950, -86.37, -125.53, 10.83, -0.12, -0.55
24002, -86.71, -75.05, 11.06, 0.08, -0.16
24032, -86.83, -93.98, 11.10, -0.04, -0.43
24061, -86.85, -108.92, 10.90, -0.08, -0.51
24091, -86.88, -115.93, 10.63, -0.31, -0.39
24121, -87.21, -124.82, 10.94, -0.08, -0.20
24151, -87.38, -71.80, 10.87, 0.00, -0.31
24180, -87.57, -28.49, 11.02, 0.04, -0.27
24210, -87.41, -51.87, 10.90, -0.16, -0.63
24240, -87.49, -68.51, 10.71, -0.20, -0.31
24269, -87.80, -29.15, 11.02, 0.08, -0.16
24299, -88.04, 4.19, 10.94, 0.08, -0.16
24329, -88.19, 33.86, 10.94, 0.08, -0.24
24364, -88.32, -0.66, 10.94, -0.04, -0.27
24393, -88.23, -26.31, 10.94, -0.24, -0.43
24423, -88.22, -45.63, 10.94, -0.27, -0.31
24453, -88.34, -7.84, 10.71, 0.08, -0.27
24482, -88.36, 25.92, 10.79, 0.04, -0.39
24512, -88.46, 52.57, 10.87, 0.08, -0.27
24542, -88.38, 77.90, 10.94, 0.00, -0.47
24570, -88.33, 40.93, 10.83, -0.24, -0.39
24600, -88.28, 8.33, 10.94, -0.20, -0.43
24630, -88.52, -21.23, 10.83, -0.04, -0.16
24659, -88.46, 15.02, 10.90, 0.00, -0.43
24688, -88.27, -16.76, 10.90, -0.08, -0.59
24726, -88.30, -42.01, 11.02, -0.16, -0.39
24756, -88.05, -66.49, 11.02, -0.04, -0.63
24784, -84.59, -57.76, 20.04, -0.67, 2.79
24814, -56.20, -54.55, -11.26, -2.04, 2.63
24844, -57.97, -48.89, 13.53, -1.49, 3.77
24873, -57.12, -10.01, 6.59, 0.63, -3.61
24903, -57.24, 21.51, 5.84, 0.82, -2.63
24933, -60.22, 19.75, 14.63, 0.12, 2.35
24962, -62.35, 17.11, 18.71, -0.27, 4.24
24991, -66.53, 2.73, 11.77, -0.12, 0.04
25021, -67.96, 34.40, 4.43, 0.08, -1.06
25057, -70.04, 32.42, 7.65, 0.24, 1.10
25092, -73.06, 56.94, 10.24, 0.20, -0.39
25121, -75.96, 28.07, 13.34, -0.20, -0.08
25151, -78.55, -3.55, 9.06, -0.04, -0.08
25181, -80.13, 23.12, 7.49, 0.31, -0.39
25209, -81.51, 19.08, 14.51, -0.08, 0.75
25239, -82.69, -1.24, 13.69, -0.86, -0.16
25269, -83.85, -21.04, 9.61, -0.51, -0.24
25298, -84.83, -39.38, 8.39, -0.35, -0.24
25327, -85.76, -42.62, 13.89, -0.39, 0.27
25357, -86.63, -43.05, 12.43, -0.35, 0.39
25387, -87.44, -65.76, 8.87, -0.08, -0.35
25415, -88.46, -51.90, 8.79, 0.12, 0.35
25452, -88.80, -42.04, 10.98, 0.08, 0.71
25482, -88.98, -35.29, 13.49, -0.04, 0.90
25510, -89.60, -30.45, 10.28, -0.04, 0.31
25540, -90.23, -35.19, 9.53, -0.12, 0.08
25570, -90.58, -44.10, 12.36, -0.35, 0.04
25598, -90.81, -62.58, 11.89, -0.27, -0.39
25628, -91.17, -20.25, 10.32, 0.00, -0.27
25658, -91.09, -46.18, 9.65, -0.12, -0.51
25687, -90.86, -68.80, 11.26, -0.12, -0.71
25716, -90.15, -25.86, 11.10, 0.04, -1.26
25746, -89.01, -52.73, 10.63, -0.08, -1.69
25776, -88.00, -71.98, 10.94, -0.63, -1.53
25810, -86.87, -88.80, 10.63, -0.71, -1.65
25840, -85.57, -104.27, 10.75, -0.51, -2.04
25870, -84.75, -117.60, 10.63, -0.35, -1.69
25900, -83.91, -128.93, 10.08, -0.31, -1.61
25928, -83.23, -139.39, 10.59, -0.16, -1.61
25958, -82.55, -148.18, 10.32, -0.16, -1.61
25988, -82.01, -155.30, 10.87, -0.20, -1.61
26017, -82.17, -160.18, 10.63, -0.20, -0.86
26047, -82.36, -163.63, 11.02, -0.24, -0.82
26077, -82.37, -166.84, 10.67, -0.24, -0.94
26106, -82.36, -170.41, 10.98, -0.16, -1.02
26135, -82.33, -172.09, 11.10, -0.27, -0.98
26172, -82.23, -174.78, 10.59, -0.20, -0.94
26202, -82.78, -176.66, 10.98, -0.08, -0.47
26231, -83.06, -178.71, 11.02, -0.08, -0.67
26261, -83.24, -180.41, 11.06, -0.08, -0.71
26290, -83.32, -180.39, 10.90, -0.20, -0.78
26319, -83.03, -179.52, 10.43, -0.35, -1.06
26349, -82.92, -178.85, 10.94, -0.31, -0.98
26379, -83.28, -179.20, 11.10, -0.12, -0.55
26408, -83.55, -180.14, 10.90, -0.08, -0.55
26437, -83.70, -181.70, 10.51, -0.04, -0.63
26467, -83.80, -181.88, 11.02, -0.12, -0.71
26503, -84.01, -181.13, 11.34, -0.16, -0.55
26532, -84.26, -174.76, 10.90, -0.39, -0.39
26562, -84.68, -166.03, 10.59, -0.31, -0.16
26591, -85.16, -141.83, 10.98, -0.12, 0.27
26620, -85.54, -117.25, 11.45, 0.00, 0.39
26650, -86.02, -99.78, 11.22, -0.08, 0.24
26679, -86.45, -85.86, 10.55, -0.12, 0.27
26708, -86.90, -79.12, 10.75, -0.20, 0.16
26738, -86.94, -65.92, 11.30, -0.12, 0.71
26768, -87.02, -53.14, 11.22, 0.00, 0.75
26797, -87.35, -44.81, 10.79, -0.12, 0.47
26826, -87.86, -40.04, 10.98, -0.12, 0.24
26863, -88.50, -32.76, 11.26, -0.04, 0.20
26899, -88.99, -29.50, 10.98, -0.12, 0.24
26929, -89.41, -43.90, 10.83, -0.16, -0.08
26958, -89.62, -62.62, 10.94, -0.16, -0.31
26987, -89.53, -76.30, 11.14, -0.39, -0.51
27017, -89.87, -78.35, 10.98, -0.16, 0.00
27046, -90.01, -90.92, 10.75, -0.16, -0.27
27076, -89.89, -102.09, 10.67, -0.24, -0.47
27106, -89.59, -114.05, 11.02, -0.16, -0.71
27136, -89.45, -121.66, 11.10, -0.27, -0.55
27165, -89.68, -128.92, 10.87, -0.08, -0.20
27200, -89.46, -132.81, 10.55, -0.39, -0.55
27230, -89.60, -139.01, 11.10, -0.08, -0.24
27259, -89.67, -144.97, 11.18, -0.08, -0.31
27289, -89.60, -151.53, 10.98, -0.04, -0.43
27319, -89.36, -153.77, 10.67, -0.24, -0.55
27347, -88.89, -157.07, 10.87, -0.24, -0.86
27377, -88.90, -157.78, 11.14, -0.20, -0.39
27407, -88.71, -161.21, 11.02, -0.12, -0.63
27437, -88.39, -165.43, 10.87, -0.04, -0.75
27466, -87.82, -166.81, 10.79, -0.27, -1.02
27495, -86.88, -167.92, 10.83, -0.39, -1.45
27525, -86.64, -168.23, 10.79, -0.27, -0.82
27561, -86.06, -167.57, 10.40, -0.47, -1.02
27591, -85.76, -168.50, 10.87, -0.24, -0.90
27621, -85.36, -169.98, 11.02, -0.20, -1.06
27651, -84.84, -170.40, 10.98, -0.31, -1.18
27680, -84.13, -171.20, 10.75, -0.31, -1.41
27709, -83.83, -170.24, 10.71, -0.39, -1.02
27739, -83.94, -170.82, 10.90, -0.16, -0.67
27768, -84.05, -171.16, 10.98, -0.16, -0.63
27798, -84.03, -171.90, 10.94, -0.16, -0.78
27828, -84.03, -172.36, 10.94, -0.16, -0.75
27857, -84.17, -168.62, 10.87, -0.35, -0.51
27892, -84.28, -166.10, 10.98, -0.31, -0.51
27922, -84.60, -161.99, 10.67, -0.27, -0.31
27952, -85.17, -155.82, 11.02, -0.12, -0.08
27981, -85.58, -157.44, 10.98, -0.08, -0.24
28011, -85.76, -158.17, 11.06, -0.16, -0.39
28041, -85.90, -155.90, 10.83, -0.27, -0.35
28069, -86.05, -155.19, 10.83, -0.24, -0.39
28099, -86.44, -148.77, 11.02, -0.16, -0.08
28129, -86.69, -146.64, 11.02, -0.20, -0.20
28158, -86.80, -149.87, 11.06, -0.12, -0.39
28188, -86.82, -148.12, 10.75, -0.31, -0.35
28218, -86.84, -146.07, 10.90, -0.35, -0.35
28256, -87.03, -131.51, 10.94, -0.27, 0.12
28290, -87.35, -115.14, 11.02, -0.12, 0.12
28322, -87.53, -99.26, 10.83, -0.16, 0.24
28355, -87.88, -93.85, 11.10, -0.16, 0.04
28388, -87.95, -78.20, 11.14, -0.12, 0.39
28422, -88.31, -85.19, 11.06, -0.12, -0.08
28454, -88.45, -69.05, 11.06, -0.04, 0.35
28487, -88.47, -64.69, 11.02, -0.39, 0.27
28521, -88.72, -57.10, 10.87, -0.16, 0.24
28554, -88.84, -47.59, 10.90, -0.12, 0.39
28587, -89.09, -39.52, 11.14, -0.08, 0.27
28627, -89.43, -48.11, 10.90, -0.27, -0.04
28660, -89.70, -58.42, 10.94, -0.20, -0.08
28693, -90.01, -56.44, 10.94, -0.12, 0.08
28727, -89.93, -74.54, 11.02, -0.16, -0.43
28760, -89.99, -87.12, 10.90, -0.16, -0.24
28796, -89.94, -94.12, 10.67, -0.31, -0.24
28833, -89.80, -103.01, 10.83, -0.27, -0.35
28866, -89.43, -114.37, 11.02, -0.20, -0.63
28900, -89.11, -120.51, 10.87, -0.35, -0.51
28934, -88.55, -127.81, 10.79, -0.35, -0.82
28966, -88.56, -133.79, 10.94, -0.16, -0.35
