8.0 127.0
7.0 127.0
7.0 128.0
6.0 128.0
5.0 128.0
4.0 128.0
4.0 129.0
3.0 129.0
2.0 129.0
1.0 129.0
0.0 129.0
-1.0 129.0
-1.0 130.0
-1.0 129.0
-2.0 129.0
-2.0 130.0
-2.0 129.0
-3.0 129.0
-3.0 130.0
-3.0 129.0
-4.0 129.0
-3.0 129.0
-4.0 129.0
-5.0 129.0
-4.0 129.0
-5.0 129.0
-6.0 129.0
-7.0 129.0
-6.0 129.0
-6.0 128.0
-7.0 128.0
-8.0 128.0
-8.0 127.0
-8.0 126.0
-8.0 125.0
-9.0 125.0
-8.0 125.0
-9.0 125.0
-8.0 125.0
-9.0 125.0
-8.0 125.0
-9.0 125.0
-8.0 125.0
-9.0 125.0
-8.0 124.0
-9.0 124.0
-8.0 124.0
-9.0 124.0
-8.0 124.0
-8.0 123.0
-9.0 123.0
-8.0 123.0
-8.0 122.0
-8.0 121.0
-8.0 120.0
-8.0 119.0
-7.0 119.0
-8.0 119.0
-7.0 119.0
-7.0 118.0
-7.0 117.0
-6.0 117.0
-6.0 116.0
-6.0 115.0
-5.0 115.0
-5.0 114.0
-5.0 113.0
-4.0 113.0
-4.0 112.0
-4.0 111.0
-3.0 111.0
-3.0 110.0
-3.0 109.0
-2.0 109.0
-2.0 108.0
-1.0 107.0
-1.0 106.0
-0.0 106.0
-0.0 105.0
0.0 104.0
1.0 104.0
1.0 103.0
2.0 103.0
2.0 102.0
2.0 101.0
3.0 101.0
3.0 100.0
4.0 100.0
4.0 99.0
4.0 98.0
5.0 98.0
5.0 97.0
6.0 97.0
6.0 96.0
7.0 95.0
7.0 94.0
8.0 94.0
8.0 93.0
9.0 93.0
9.0 92.0
9.0 91.0
10.0 91.0
10.0 90.0
11.0 90.0
11.0 89.0
12.0 88.0
12.0 87.0
13.0 87.0
13.0 86.0
14.0 86.0
14.0 85.0
14.0 84.0
15.0 84.0
15.0 83.0
16.0 83.0
16.0 82.0
17.0 82.0
17.0 81.0
17.0 80.0
18.0 80.0
18.0 79.0
19.0 79.0
19.0 78.0
20.0 78.0
20.0 77.0
21.0 76.0
21.0 75.0
22.0 75.0
22.0 74.0
23.0 74.0
23.0 73.0
23.0 72.0
24.0 72.0
24.0 71.0
25.0 71.0
25.0 70.0
26.0 70.0
26.0 69.0
27.0 68.0
27.0 67.0
28.0 67.0
28.0 66.0
29.0 66.0
29.0 65.0
30.0 64.0
30.0 63.0
31.0 63.0
31.0 62.0
32.0 62.0
32.0 61.0
33.0 60.0
33.0 59.0
34.0 59.0
34.0 58.0
35.0 58.0
35.0 57.0
36.0 57.0
36.0 56.0
36.0 55.0
37.0 55.0
37.0 54.0
38.0 54.0
38.0 53.0
39.0 53.0
39.0 52.0
40.0 51.0
40.0 50.0
41.0 50.0
41.0 49.0
42.0 49.0
42.0 48.0
43.0 47.0
43.0 46.0
44.0 46.0
44.0 45.0
45.0 45.0
45.0 44.0
45.0 43.0
46.0 43.0
46.0 42.0
47.0 42.0
47.0 41.0
48.0 41.0
48.0 40.0
49.0 39.0
49.0 38.0
50.0 38.0
50.0 37.0
51.0 37.0
51.0 36.0
52.0 35.0
52.0 34.0
53.0 34.0
53.0 33.0
54.0 33.0
54.0 32.0
54.0 31.0
55.0 31.0
55.0 30.0
56.0 30.0
56.0 29.0
57.0 28.0
57.0 27.0
58.0 27.0
58.0 26.0
59.0 26.0
59.0 25.0
59.0 24.0
60.0 24.0
60.0 23.0
61.0 23.0
61.0 22.0
62.0 21.0
62.0 20.0
63.0 20.0
63.0 19.0
64.0 18.0
64.0 17.0
65.0 17.0
65.0 16.0
66.0 16.0
66.0 15.0
67.0 14.0
67.0 13.0
68.0 13.0
68.0 12.0
69.0 11.0
69.0 10.0
70.0 9.0
71.0 8.0
72.0 7.0
73.0 6.0
74.0 4.0
116.0 4.0
115.0 6.0
114.0 7.0
113.0 8.0
113.0 9.0
112.0 10.0
112.0 11.0
111.0 12.0
110.0 13.0
110.0 14.0
109.0 14.0
109.0 15.0
108.0 16.0
108.0 17.0
107.0 18.0
107.0 19.0
106.0 19.0
106.0 20.0
105.0 21.0
105.0 22.0
104.0 22.0
104.0 23.0
103.0 24.0
103.0 25.0
102.0 25.0
102.0 26.0
102.0 27.0
101.0 27.0
101.0 28.0
100.0 29.0
100.0 30.0
99.0 30.0
99.0 31.0
99.0 32.0
98.0 32.0
98.0 33.0
97.0 33.0
97.0 34.0
97.0 35.0
96.0 35.0
96.0 36.0
95.0 37.0
95.0 38.0
94.0 38.0
94.0 39.0
93.0 40.0
93.0 41.0
92.0 41.0
92.0 42.0
92.0 43.0
91.0 43.0
91.0 44.0
90.0 45.0
90.0 46.0
89.0 46.0
89.0 47.0
89.0 48.0
88.0 48.0
88.0 49.0
87.0 49.0
87.0 50.0
87.0 51.0
86.0 51.0
86.0 52.0
85.0 52.0
85.0 53.0
85.0 54.0
84.0 54.0
84.0 55.0
83.0 55.0
83.0 56.0
83.0 57.0
82.0 57.0
82.0 58.0
81.0 59.0
81.0 60.0
80.0 60.0
80.0 61.0
79.0 62.0
79.0 63.0
78.0 63.0
78.0 64.0
77.0 65.0
77.0 66.0
76.0 66.0
76.0 67.0
75.0 67.0
75.0 68.0
75.0 69.0
74.0 69.0
74.0 70.0
73.0 70.0
73.0 71.0
72.0 72.0
72.0 73.0
71.0 73.0
71.0 74.0
70.0 74.0
70.0 75.0
69.0 76.0
69.0 77.0
68.0 77.0
68.0 78.0
67.0 78.0
67.0 79.0
67.0 80.0
66.0 80.0
66.0 81.0
65.0 81.0
65.0 82.0
64.0 82.0
64.0 83.0
63.0 84.0
62.0 85.0
62.0 86.0
61.0 86.0
61.0 87.0
60.0 87.0
60.0 88.0
59.0 88.0
59.0 89.0
58.0 89.0
58.0 90.0
58.0 91.0
57.0 91.0
57.0 92.0
56.0 92.0
56.0 93.0
55.0 93.0
55.0 94.0
54.0 94.0
54.0 95.0
53.0 95.0
53.0 96.0
52.0 96.0
52.0 97.0
51.0 97.0
51.0 98.0
50.0 98.0
50.0 99.0
49.0 99.0
49.0 100.0
48.0 100.0
48.0 101.0
47.0 101.0
47.0 102.0
46.0 102.0
46.0 103.0
45.0 103.0
45.0 104.0
44.0 104.0
44.0 105.0
43.0 105.0
43.0 106.0
42.0 106.0
41.0 107.0
40.0 107.0
40.0 108.0
39.0 108.0
39.0 109.0
38.0 109.0
38.0 110.0
37.0 110.0
37.0 111.0
36.0 111.0
35.0 112.0
34.0 112.0
34.0 113.0
33.0 113.0
33.0 114.0
32.0 114.0
31.0 114.0
31.0 115.0
30.0 115.0
30.0 116.0
29.0 116.0
29.0 117.0
28.0 117.0
27.0 117.0
27.0 118.0
26.0 118.0
25.0 119.0
24.0 119.0
24.0 120.0
23.0 120.0
22.0 120.0
22.0 121.0
21.0 121.0
20.0 122.0
19.0 122.0
18.0 123.0
17.0 123.0
17.0 124.0
16.0 124.0
15.0 124.0
15.0 125.0
14.0 125.0
13.0 125.0
12.0 126.0
11.0 126.0
10.0 126.0
10.0 127.0
9.0 127.0
8.0 127.0
