-71.4549895953 160.613987389
-71.6119224442 160.622049058
-71.7689104882 160.629971183
-71.9259516124 160.6377536
-72.0830436932 160.645396147
-72.2401845977 160.652898665
-72.3973721848 160.660260998
-72.5546043047 160.667482991
-72.7118787991 160.674564494
-72.8691935019 160.681505357
-73.0265462385 160.688305435
-73.183934827 160.694964586
-73.3413570773 160.701482668
-73.4988107921 160.707859544
-73.6562937668 160.714095081
-73.8138037893 160.720189145
-73.9713386408 160.726141608
-74.1288960956 160.731952344
-74.2864739214 160.737621229
-74.4440698794 160.743148144
-74.6016817245 160.748532969
-74.7593072055 160.753775591
-74.9169440653 160.758875898
-75.0745900412 160.763833781
-75.2322428649 160.768649134
-75.3899002626 160.773321854
-75.5475599554 160.777851841
-75.7052196597 160.782238998
-75.8628770867 160.786483231
-76.0205299433 160.790584449
-76.178175932 160.794542563
-76.335812751 160.798357488
-76.4934380945 160.802029142
-76.6510496531 160.805557447
-76.8086451135 160.808942326
-76.9662221593 160.812183706
-77.1237784706 160.815281517
-77.2813117248 160.818235692
-77.4388195963 160.821046168
-77.596299757 160.823712882
-77.7537498765 160.826235779
-77.9111676219 160.828614803
-78.0685506587 160.830849902
-78.2258966504 160.832941029
-78.383203259 160.834888137
-78.5404681452 160.836691185
-78.6759757806 160.785547984
-78.8327226904 160.78705879
-78.989420854 160.788425808
-79.1460679477 160.789649009
-79.3026616475 160.790728366
-79.4591996293 160.791663856
-79.6156795693 160.792455459
-79.7720991438 160.793103158
-79.9284560296 160.793606937
-80.0847479045 160.793966788
-80.2409724469 160.794182702
-80.214982092 160.741353524
-80.5263714316 160.741353524
-80.6819561303 160.74113818
-80.8374644519 160.740779279
-80.9928941016 160.740276829
-81.1482427868 160.73963084
-81.3035082169 160.738841326
-81.4293234822 160.685084058
-81.5839955449 160.684010381
-81.7385778353 160.682793616
-81.8930680928 160.681433789
-82.0474640605 160.67993093
-82.2017634846 160.678285071
-82.3559641153 160.676496246
-82.4777965001 160.621763634
-82.6313778058 160.619694432
-82.7848540543 160.617482761
-82.9382230306 160.615128669
-83.0914825242 160.612632204
-83.2103333897 160.557218939
-83.3629569932 160.554445149
-83.5154650581 160.551529524
-83.6678554119 160.548472124
-83.8201258876 160.545273015
-83.9722743236 160.541932262
-84.0876014753 160.485719715
-84.2390947492 160.4821053
-84.3904601789 160.478349825
-84.5416956444 160.474453368
-84.6545486441 160.417720581
-84.8051180132 160.413553207
-84.9555518018 160.409245462
-85.1058479333 160.404797435
-85.2162280038 160.347553869
-85.3658477685 160.342837721
-85.5153244511 160.337981929
-85.6646560203 160.332986591
-85.8138404525 160.327851809
-85.9212116449 160.269981085
-86.0697068933 160.264581588
-86.2180498129 160.259043318
-86.3234943149 160.200806538
-86.4711423047 160.195005878
-86.6186329307 160.189067132
-86.7659642569 160.18299042
-86.8689493048 160.124271163
-87.0155773981 160.117934986
-87.1620413541 160.111461553
-87.2631166124 160.052389173
-87.4088724699 160.045658637
-87.5544595096 160.038791572
-87.6536345793 159.979371652
-87.798509027 159.972249859
-87.9432101329 159.964992276
-88.0404951536 159.905230358
-88.1844795397 159.897720431
-88.3282862159 159.89007547
-88.4236918424 159.829977052
-88.5667780296 159.822082138
-88.7096822939 159.814052958
-88.8032196732 159.753623493
-88.9454000309 159.745346758
-89.0873944065 159.736936537
-89.1790751555 159.67618143
-89.3203425512 159.667526058
-89.4614200584 159.658737992
-89.5512562411 159.597662599
-89.6916040319 159.588631789
-89.7801445714 159.527350497
-89.9197622842 159.518078713
-90.0591843077 159.508675678
-90.1459042478 159.447083064
-90.2845940012 159.43744146
-90.4230845661 159.427669423
-90.5079970125 159.365770694
-90.6457534303 159.355762495
-90.7294032659 159.293667606
-90.8664257312 159.283424999
-90.948822849 159.221136385
-91.0851116842 159.210661118
-91.2211945193 159.200057547
-91.3018216571 159.137475001
-91.4371696835 159.126641162
-91.516566161 159.063870762
-91.6511800145 159.052808389
-91.7293558438 158.989852479
-91.863236276 158.978563296
-91.9402014815 158.915424193
-92.0733493575 158.903909918
-92.149113972 158.840589911
-92.281530266 158.828852252
-92.356104327 158.765353603
-92.4877901197 158.75339426
-92.5611836656 158.689719204
-92.6921401405 158.677539867
-92.764363207 158.613690609
-92.8945916476 158.60129296
-92.9656542642 158.537271682
-93.0951560506 158.524657393
-93.1650682376 158.460466246
-93.2938448433 158.447636981
-93.3626166081 158.38327809
-93.4906695974 158.370235502
-93.5583109317 158.305710966
-93.685641956 158.292456697
-93.752162833 158.227768589
-93.8180685605 158.163008218
-93.9441839996 158.149454638
-94.0089864614 158.084533795
-94.1343861763 158.070772754
-94.1980952473 158.005693441
-94.32278116 157.991726544
-94.385406687 157.926490737
-94.4474432327 157.861186276
-94.5709325935 157.846929225
-94.63190244 157.781471215
-94.7546848184 157.767012414
-94.8145976945 157.701402762
-94.87394005 157.635726901
-94.9955408463 157.620984363
-95.0538427899 157.555159696
-95.1115854452 157.489270228
-95.2320149031 157.474247796
-95.2887335025 157.40821229
-95.3449038467 157.342113353
-95.4641722939 157.32681481
-95.5193347326 157.260572539
-95.5739597505 157.194268167
-95.6920775865 157.178697235
-95.745710641 157.11225217
-95.7988169119 157.045746296
-95.8514004581 156.979180023
-95.9679246347 156.963262647
-96.0195383313 156.896559106
-96.0706396572 156.829796408
-96.1860393544 156.813615182
-96.2361862421 156.74671771
-96.2858309202 156.679762289
-96.3349772384 156.612749298
-96.4488221007 156.596232971
-96.4970352983 156.529088435
-96.5447600216 156.461887489
-96.5920000015 156.394630495
-96.6387589342 156.327317812
-96.7506407606 156.310399956
-96.7964933358 156.242959605
-96.841874398 156.175464668
-96.8867875286 156.107915488
-96.9312362758 156.040312402
-96.9752241548 155.972655747
-97.0847630213 155.95527565
-97.1278761673 155.88749575
-97.17053756 155.819663319
-97.2127506048 155.751778675
-97.2545186758 155.683842136
-97.2958451155 155.615854012
-97.3367332355 155.547814614
-97.3771863169 155.479724246
-97.4172076103 155.41158321
-97.523251521 155.393552091
-97.5624445521 155.325293986
-97.6012142872 155.256986159
-97.6395638751 155.188628899
-97.6774964352 155.120222491
-97.7150150583 155.051767216
-97.7521228067 154.983263353
-97.7888227142 154.914711176
-97.8251177869 154.846110958
-97.8610110031 154.777462967
-97.8965053138 154.708767468
-97.9316036428 154.640024725
-97.966308887 154.571234996
-98.0006239169 154.502398539
-98.0345515765 154.433515605
-98.0680946839 154.364586446
-98.0013645865 154.314668778
-98.034514841 154.245709289
-98.0672869598 154.176703999
-98.0996836712 154.107653149
-98.1317076787 154.038556979
-98.1633616611 153.969415724
-98.1946482729 153.900229617
-98.2255701445 153.830998889
-98.2561298827 153.761723768
-98.1894806703 153.711910096
-98.2196758107 153.642605848
-98.2495147167 153.573257584
-98.2789999132 153.503865525
-98.3081339023 153.434429888
-98.3369191636 153.364950888
-98.2703954517 153.315192233
-98.2988326088 153.245684718
-98.3269266299 153.176134193
-98.3546799176 153.106540863
-98.2882939698 153.056806314
-98.3157086875 152.987184758
-98.3427880797 152.917520734
-98.3695344749 152.847814443
-98.395950181 152.778066082
-98.3297059757 152.728368859
-98.355795223 152.658592664
-98.3815589619 152.588774717
-98.3154563186 152.539085713
-98.3408995313 152.469240053
-98.3660222974 152.399352951
-98.3908268057 152.329424591
-98.3248692401 152.279757036
-98.3493617607 152.209801192
-98.3735409225 152.139804386
-98.3077256148 152.090144009
-98.331598358 152.02011982
-98.3551625304 151.950054957
-98.2894893637 151.900401339
-98.3127525463 151.830309187
-98.3357118383 151.760176639
-98.270180656 151.710529364
-98.2928442509 151.640369614
-98.2274485894 151.590715362
-98.2498191384 151.520528393
-98.2718928816 151.450301396
-98.2066381638 151.400652848
-98.2284239515 151.330398709
-98.2499173492 151.260104802
-98.1848033382 151.210461548
-98.2060137449 151.140140569
-98.1410326126 151.090489785
-98.1619625063 151.020141708
-98.0971133187 150.970483287
-98.117765143 150.900108087
-98.1381335944 150.829693548
-98.0734231391 150.780039574
-98.0935182351 150.709597969
-98.0289379535 150.659936034
-98.0487620414 150.589467335
-97.9843110203 150.539797334
-98.0038664155 150.46930151
-97.9395437497 150.41962334
-97.9588327361 150.349100357
-97.894637528 150.299413914
-97.9136623584 150.22886374
-97.8495937182 150.179168921
-97.8683566153 150.108591523
-97.8044136608 150.058888224
-97.8229168172 149.988283565
-97.7590986737 149.938571684
-97.7773442527 149.867939729
-97.7136500529 149.818219163
-97.731640189 149.747559875
-97.668069073 149.697830522
-97.6858058722 149.627143862
-97.6223569875 149.577405619
-97.639842528 149.506691549
-97.5765150291 149.456944315
-97.5937513615 149.386202795
-97.5305444103 149.336446467
-97.4674487266 149.286670199
-97.4844463236 149.215911934
-97.4214694927 149.166126478
-97.438221942 149.095340572
-97.3753631488 149.045545826
-97.3918724193 148.974732236
-97.3291308553 148.9249281
-97.2664974967 148.87510409
-97.2827737541 148.804273155
-97.2202559918 148.754439659
-97.1578451133 148.704586342
-97.1738900156 148.633737763
-97.1115931298 148.583874864
-97.1274006797 148.512998258
-97.0652170149 148.463125674
-97.0031381308 148.413233326
-97.0187178681 148.342338627
-96.9567506444 148.292436497
-96.8948869367 148.242514653
-96.910240457 148.171601564
-96.8484868765 148.121669841
-96.7868355681 148.071718451
-96.8019644487 148.000786675
-96.7404217611 147.950825307
-96.678980122 147.90084432
-96.6938859223 147.829893561
-96.6325514238 147.779902497
-96.5713167699 147.729891859
-96.5860010316 147.658921823
-96.5248720637 147.608901008
-96.4638417558 147.558860663
-96.4783060029 147.487871055
-96.4173799515 147.437820434
-96.3565513945 147.387750324
-96.2958199008 147.337660769
-96.310071428 147.266660364
-96.2494420697 147.216560431
-96.1889086344 147.166441092
-96.202942902 147.095420387
-96.1425102321 147.045290568
-96.082172363 146.995141384
-96.0219288789 146.944972873
-96.0357523979 146.873940319
-95.9756076434 146.823761224
-95.9155561756 146.773562841
-95.8555975872 146.723345208
-95.8692110954 146.652300191
-95.8093492492 146.602071867
-95.7495792075 146.551824329
-95.6899005711 146.501557615
-95.703304819 146.430499524
-95.6437209843 146.380222011
-95.5842275028 146.329925355
-95.5248239832 146.279609594
-95.4655100363 146.229274764
-95.4787091207 146.15821115
-95.4194874397 146.107865406
-95.360354307 146.057500624
-95.3013093411 146.00711684
-95.2423521625 145.95671409
-95.2553457192 145.885643948
-95.1964783459 145.835230164
-95.1376977623 145.784797444
-95.0790035964 145.73434582
-95.0203954779 145.683875327
-94.9618730382 145.633386
-94.9746625122 145.562316008
-94.9162268866 145.511815517
-94.8578759739 145.461296217
-94.7996094127 145.410758142
-94.7414268435 145.360201324
-94.6833279083 145.309625795
-94.6959115809 145.23855448
-94.6378965743 145.187967652
-94.5799642661 145.137362136
-94.5221143052 145.086737965
-94.4643463423 145.036095169
-94.40666003 144.98543378
-94.3490550223 144.934753829
-94.291530975 144.884055345
-94.3039067497 144.812995445
-94.2464627279 144.7622855
-94.1890987695 144.711557042
-94.1318145369 144.660810101
-94.074609694 144.610044707
-94.0174839063 144.559260889
-93.960436841 144.508458675
-93.9034681668 144.457638095
-93.8465775539 144.406799178
-93.7897646741 144.35594195
-93.801923519 144.284904179
-93.7451858847 144.234035289
-93.6885251328 144.183148104
-93.6319409414 144.132242652
-93.5754329898 144.081318959
-93.5190009593 144.030377052
-93.4626445321 143.979416959
-93.4063633925 143.928438705
-93.3501572258 143.877442317
-93.2940257191 143.826427821
-93.2379685607 143.775395242
-93.1819854406 143.724344606
-93.1260760501 143.673275939
-93.0702400819 143.622189264
-93.0144772304 143.571084608
-92.958787191 143.519961994
-92.9031696609 143.468821447
-92.8476243385 143.417662992
-92.7921509237 143.36648665
-92.7367491177 143.315292448
-92.6814186232 143.264080407
-92.6261591441 143.212850552
-92.5709703859 143.161602904
-92.5158520552 143.110337488
-92.4608038603 143.059054324
-92.4058255105 143.007753437
-92.3509167166 142.956434847
-92.2960771908 142.905098577
-92.2413066464 142.853744648
-92.1866047982 142.802373081
-92.1319713623 142.750983899
-92.0774060561 142.699577122
-92.0229085981 142.64815277
-91.9684787084 142.596710865
-91.9141161082 142.545251427
-91.85982052 142.493774475
-91.8055916676 142.442280031
-91.7514292759 142.390768113
-91.6973330713 142.339238741
-91.6433027812 142.287691935
-91.5893381345 142.236127714
-91.5354388611 142.184546096
-91.4816046923 142.132947101
-91.4278353605 142.081330747
-91.3741305993 142.029697052
-91.3204901436 141.978046035
-91.2015361507 141.945463089
-91.1480970705 141.893755523
-91.0947213856 141.842030747
-91.0414088357 141.790288778
-90.9881591617 141.738529632
-90.9349721057 141.686753327
-90.8818474108 141.634959879
-90.8287848215 141.583149305
-90.7757840832 141.53132162
-90.7228449425 141.479476841
-90.6052159335 141.446415224
-90.552471859 141.394514979
-90.4997885069 141.342597745
-90.4471656286 141.290663535
-90.3946029764 141.238712364
-90.3421003038 141.186744249
-90.2896573655 141.134759202
-90.237273917 141.082757239
-90.120674741 141.049301762
-90.0684814731 140.997245187
-90.0163468466 140.945171792
-89.9642706217 140.893081592
-89.9122525595 140.840974599
-89.8602924224 140.788850828
-89.7444451258 140.755081985
-89.6926715968 140.702904254
-89.6409551636 140.650709838
-89.5892955928 140.598498747
-89.5376926522 140.546270995
-89.4861461102 140.494026593
-89.3710399377 140.459948074
-89.3196764998 140.407650344
-89.2683686502 140.355336051
-89.2171161618 140.303005208
-89.1659188086 140.250657825
-89.0514178079 140.216309493
-89.0004006917 140.163909316
-88.9494379154 140.111492683
-88.8985292572 140.059059604
-88.8476744958 140.006610091
-88.7337716932 139.971994558
-88.683094346 139.919492768
-88.6324701156 139.866974623
-88.5818987849 139.814440132
-88.468464763 139.779595462
-88.4180686194 139.727009128
-88.3677246072 139.674406526
-88.3174325131 139.621787664
-88.2044631997 139.586715625
-88.1543440913 139.534045344
-88.1042761443 139.481358877
-88.0542591494 139.428656232
-87.9417504909 139.393358562
-87.8919043058 139.340604911
-87.8421083273 139.287835153
-87.7299370994 139.25234813
-87.6803103121 139.199527706
-87.6307329941 139.146691244
-87.5812049429 139.093838751
-87.4694875182 139.058129171
-87.4201265255 139.005226407
-87.3708140733 138.952307679
-87.2594293197 138.916411188
-87.2102823376 138.863442514
-87.161183178 138.810457939
-87.0501291533 138.774375605
-87.0011938876 138.721341406
-86.9523057345 138.668291368
-86.8415804966 138.632024246
-86.7928546736 138.578924898
-86.744175261 138.525809769
-86.6337768688 138.489358902
-86.5852582348 138.436194773
-86.5367853172 138.383014921
-86.4267118302 138.34638134
-86.378398152 138.293152789
-86.3301295037 138.239908571
-86.220378983 138.203093295
-86.172268047 138.149800675
-86.0627262192 138.112837256
-86.0147719707 138.059496476
-85.9668615837 138.006140131
-85.8576396861 137.968996783
-85.8098844788 137.915592564
-85.7008696038 137.878302397
-85.6532685622 137.82485054
-85.6057102346 137.771383214
-85.4970122472 137.733914849
-85.4496065969 137.680400163
-85.3411139464 137.642786278
-85.2938599705 137.589224457
-85.2466475819 137.535647258
-85.1384687713 137.497856875
-85.0914065879 137.44423281
-84.9834314148 137.406298183
-84.9365184448 137.352627473
-84.8287463163 137.314549144
-84.7819815719 137.260832008
-84.6744118908 137.222610515
-84.6277943883 137.168847167
-84.5204265535 137.130483045
-84.4739553132 137.076673698
-84.3667887198 137.038167476
-84.3204627659 136.984312339
-84.2134968052 136.945664544
-84.1673151661 136.891763825
-84.0605492258 136.85297498
-84.0145109341 136.799028883
-83.9079443983 136.760099507
-83.8620484905 136.706108232
-83.75568074 136.667038843
-83.7099262567 136.613002589
-83.6037566691 136.573793696
-83.5581426552 136.519712659
-83.4521706046 136.480364773
-83.4066961092 136.426239146
-83.3009209668 136.386752771
-83.195239761 136.347157744
-83.1500061771 136.292958382
-83.0445211248 136.253225708
-82.9994246582 136.198982291
-82.8941351208 136.159112466
-82.8491748342 136.104825178
-82.7440801704 136.064818694
-82.6390791622 136.024704789
-82.5943546966 135.970345062
-82.48954778 135.930095321
-82.3848344744 135.889738707
-82.340343649 135.835307139
-82.2358236396 135.794815503
-82.1914651935 135.740340896
-82.0871378244 135.699714717
-81.9829038563 135.658982537
-81.9387754527 135.604436992
-81.8347333109 135.563571069
-81.7307844928 135.522599681
-81.6868839719 135.467983769
-81.5831261542 135.426879431
-81.4794615702 135.385670161
-81.4357867796 135.330984441
-81.3323123585 135.289643004
-81.2289310692 135.248197163
-81.125642976 135.206647124
-81.0822878893 135.151864953
-80.9791889322 135.110183842
-80.8761830519 135.068399055
-80.8330486743 135.013548408
-80.7302310647 134.971633313
-80.6275064013 134.929615062
-80.5248747352 134.887493858
-80.4223361151 134.845269904
-80.3796088736 134.790298214
-80.2772572601 134.747945328
-80.1749985404 134.705490205
-80.0728327558 134.662933045
-80.0304136761 134.607868231
-79.9284337978 134.565183188
-79.8265466868 134.522396614
-79.724752377 134.479508709
-79.6230509001 134.436519672
-79.5214422855 134.393429703
-79.4199265605 134.350238999
-79.3780869383 134.295005264
-79.2767553459 134.25168861
-79.1755164459 134.208271717
-79.0743702587 134.164754783
-78.9733168024 134.121138003
-78.8723560933 134.077421574
-78.7714881453 134.033605691
-78.6707129703 133.989690549
-78.5700305781 133.945676341
-78.5289372557 133.890228
-78.4284366584 133.846090307
-78.3280286102 133.801854032
-78.2277131145 133.757519369
-78.1274901727 133.713086507
-78.0273597844 133.668555641
-77.927321947 133.62392696
-77.8273766558 133.579200655
-77.7275239047 133.534376917
-77.627763685 133.489455936
-77.5280959866 133.4444379
-77.4285207973 133.399322999
-77.329038103 133.35411142
-77.2296478877 133.308803353
-77.1702200042 133.319183467
-77.0709291742 133.273706315
-76.9717310149 133.228133146
-76.8726255033 133.182464149
-76.7736126145 133.136699508
-76.6746923217 133.090839409
-76.5758645965 133.044884037
-76.4771294084 132.998833577
-76.3784867256 132.952688212
-76.3190638113 132.962425691
-76.2205225542 132.916113638
-76.1220739485 132.869707148
-76.0237179554 132.823206402
-75.9254545343 132.776611582
-75.8272836431 132.72992287
-75.7292052379 132.683140447
-75.6697840737 132.692384591
-75.5718085699 132.645437294
-75.4739256646 132.598396746
-75.3761353075 132.551263126
-75.3166918072 132.56023056
-75.2190052533 132.512933031
-75.1214113417 132.465542888
-75.023910016 132.41806031
-74.9265012177 132.370485473
-74.8670508741 132.379106538
-74.769746872 132.331369031
-74.6725354692 132.283539718
-74.6130573096 132.291956836
-74.5159513845 132.243965534
-74.4189381172 132.19588288
-74.3220174388 132.147709047
-74.2625268308 132.155852576
-74.1657124041 132.10751771
-74.0689906078 132.059092114
-74.009476397 132.06703291
-73.9128614814 132.018446959
-73.8163392249 131.969770725
-73.7568031782 131.977509287
-73.6603884097 131.928673375
-73.5640663169 131.879747625
-73.5045101797 131.887284456
-73.4082961605 131.838199705
-73.3487057807 131.845604511
-73.2526003171 131.796361164
-73.1565876156 131.74702869
-73.0969800124 131.754232548
-73.0010764175 131.704742152
-72.9052655691 131.655163069
-72.845642432 131.662166493
-72.74994122 131.612430161
-72.6902868526 131.61930226
-72.5946957241 131.569409083
-72.5350108605 131.576150007
-72.4395302544 131.526100388
-72.3441424864 131.475963054
-72.2844459722 131.482504628
-72.1891692096 131.432211522
-72.1294440265 131.438622356
-72.034278687 131.388173882
-71.9745255543 131.394454129
-71.8794720478 131.343850689
-71.8196916806 131.350000503
-71.7247504089 131.2992425
-71.6649435183 131.305262035
-71.5701148752 131.254349871
-71.5102821684 131.260239285
-71.4155665397 131.209173363
-71.3557087198 131.214932812
-71.2611064834 131.163713534
-71.2012242493 131.169343178
-71.1067357751 131.117970946
-71.0468298218 131.123470944
-70.9524554719 131.07194616
-70.8925264901 131.077316674
-70.7982666189 131.025639739
-70.7383152952 131.030880932
-70.6441702489 130.979052247
-70.5841972659 130.984164283
-70.4901673832 130.932184249
-70.4301734192 130.937167292
-70.3701364656 130.942088024
-70.2762447599 130.889890526
-70.2161878405 130.894682456
-70.1224122813 130.842334553
-70.062336065 130.846997849
-70.002217679 130.851598872
-69.9085821158 130.799034771
-69.8484454367 130.803507356
-69.7549269579 130.750793793
-69.6947726451 130.75513811
-69.6345769789 130.759420197
-69.5412002529 130.706491707
-69.4809879451 130.710645727
-69.3877291971 130.657568717
-69.3275008974 130.661594844
-69.2672320564 130.665558788
-69.1741167565 130.612268123
-69.1138329038 130.616104379
-69.0535089842 130.619878471
-68.9605382067 130.566374881
-68.900200249 130.570021493
-68.8398226975 130.573605965
-68.7469974964 130.519890181
-68.6866068738 130.523347383
-68.6261771297 130.526742466
-68.5334985379 130.472815222
-68.4730566828 130.47608325
-68.4125761773 130.479289184
-68.3200452072 130.425151215
-68.259553544 130.428230309
-68.1990237003 130.431247336
-68.1066413435 130.376899378
-68.0461012885 130.379789783
-67.9855235219 130.38261815
-67.9249081837 130.385384469
-67.8327037105 130.330762905
-67.7720794277 130.333402862
-67.711418041 130.335980802
-67.6193645667 130.281150916
-67.5586951661 130.283602718
-67.4979891279 130.285992535
-67.4372465927 130.28832036
-67.3453744477 130.233218973
-67.2846251466 130.235420927
-67.2238398133 130.237560922
-67.1630185885 130.239638954
-67.0713297609 130.184267245
-67.0105030078 130.186219677
-66.9496408267 130.188110181
-66.8887433584 130.189938751
-66.7972397932 130.134297904
-66.7363380237 130.136001151
-66.6754014289 130.137642502
-66.6144301496 130.139221953
-66.5534243269 130.140739499
-66.4621393844 130.084767564
-66.4011307961 130.086160112
-66.3400881247 130.087490796
-66.2790115112 130.088759612
-66.2179010969 130.089966556
-66.1268380195 130.033665271
-66.0657263602 130.03474755
-66.0045813586 130.035768
-65.9434031557 130.036726618
-65.882191893 130.037623402
-65.8209477119 130.03845835
-65.7301428434 129.981766976
-65.6688992378 129.982477645
-65.6076231701 129.983126523
-65.5463147818 129.983713609
-65.4849742144 129.9842389
-65.4236016097 129.984702396
-65.3330597085 129.927623353
-65.2716894791 129.927962968
-65.2102876663 129.928240837
-65.1488544116 129.928456957
-65.0873898568 129.92861133
-65.0258941436 129.928703953
-64.9028098096 129.928703953
-64.9028098096 129.928703953
-64.8126060151 129.871116286
-64.7510531836 129.870962043
-64.6894699285 129.870746104
-64.6278563916 129.870468468
-64.5662127148 129.870129138
-64.5045390401 129.869728113
-64.4428355095 129.869265395
-64.3811022651 129.868740985
-64.3193394491 129.868154884
-64.2575472038 129.867507095
-64.167763769 129.809292694
-64.1059792701 129.808522178
-64.0441657889 129.807690029
-63.9823234674 129.806796252
-63.9204524477 129.805840847
-63.858552872 129.804823818
-63.7966248824 129.803745167
-63.7346686212 129.802604898
-63.6726842308 129.801403013
-63.6106718533 129.800139515
-63.5486316313 129.798814408
-63.4865637072 129.797427696
-63.4244682233 129.795979381
-63.3623453222 129.794469469
-63.3001951465 129.792897963
-63.2380178387 129.791264868
-63.1758135414 129.789570187
-63.1135823973 129.787813925
-63.051324549 129.785996088
-62.9890401393 129.784116679
-62.9267293107 129.782175704
-62.8643922061 129.780173168
-62.8020289682 129.778109077
-62.7396397398 129.775983436
-62.6772246637 129.773796251
-62.6147838827 129.771547527
-62.5523175395 129.769237271
-62.4898257771 129.766865489
-62.4273087382 129.764432187
-62.3647665658 129.761937371
-62.3021994026 129.759381049
-62.2396073914 129.756763227
-62.1769906753 129.754083913
-62.1143493969 129.751343113
-62.0516836991 129.748540834
-61.9889937249 129.745677085
-61.9262796169 129.742751873
-61.8635415181 129.739765205
-61.8007795712 129.73671709
-61.7379939191 129.733607536
-61.6751847045 129.730436551
-61.6123520702 129.727204143
-61.5494961589 129.723910322
-61.4866171134 129.720555096
-61.4237150764 129.717138474
-61.3607901906 129.713660465
-61.3227466844 129.767543133
-61.2597099103 129.763939376
-61.1966507164 129.760274211
-61.1335692458 129.756547647
-61.0704656413 129.752759692
-61.007340046 129.748910359
-60.9441926028 129.744999656
-60.8810234544 129.741027595
-60.8178327438 129.736994186
-60.7546206138 129.732899439
-60.7156087876 129.786119329
-60.6522875188 129.781898426
-60.5889452644 129.777616169
-60.5255821674 129.773272569
-60.4621983707 129.768867637
-60.3987940173 129.764401386
-60.3353692501 129.759873827
-60.2719242119 129.755284972
-60.2321294079 129.807967411
-60.1685774452 129.803252076
-60.105005649 129.798475431
-60.0414141622 129.793637491
-59.9778031279 129.788738268
-59.9141726888 129.783777775
-59.8737741831 129.83605039
-59.8100384743 129.83096316
-59.7462838012 129.825814649
-59.6825103067 129.820604873
-59.6187181338 129.815333844
-59.5549074254 129.810001577
-59.5139090514 129.86186233
-59.4499947503 129.856403082
-59.3860623567 129.850882589
-59.3221120135 129.845300866
-59.2581438634 129.839657927
-59.2166341186 129.891170807
-59.1525637721 129.885400674
-59.0884760642 129.879569323
-59.0243711376 129.873676767
-58.9602491353 129.867723024
-58.9182305897 129.918886555
-58.8540078032 129.912805414
-58.7897683883 129.906663084
-58.7255124879 129.90045958
-58.6830711116 129.951338729
-58.6187155482 129.945007649
-58.5543439487 129.938615396
-58.4899564558 129.932161988
-58.4470937308 129.982755735
-58.3826077076 129.976174577
-58.3181062421 129.969532266
-58.253589477 129.962828821
-58.2103069298 130.013136154
-58.1456927782 130.00630479
-58.08106378 129.999412297
-58.0374448204 130.049499173
-57.9727192786 130.04247861
-57.9079793446 130.035396925
-57.8432251609 130.028254136
-57.7991889971 130.078052787
-57.7343394336 130.070781771
-57.6694760765 130.06344966
-57.6251052265 130.113026395
-57.560147349 130.105565914
-57.4951761353 130.098044348
-57.4504712987 130.14739852
-57.3854064315 130.139748445
-57.3203286867 130.132037296
-57.2752905843 130.181168262
-57.2101200601 130.173328467
-57.1449371185 130.165427613
-57.0995664919 130.214334732
-57.0342916522 130.206305098
-56.9690048565 130.198214421
-56.9233024685 130.246897056
-56.857924663 130.238677468
-56.7925353642 130.230396855
-56.7465019987 130.278854372
-56.6810225854 130.270444721
-56.6347375525 130.318744642
-56.5691686044 130.310205832
-56.5035889494 130.301606014
-56.4569741268 130.349679701
-56.3913058449 130.340950603
-56.3256273221 130.332160517
-56.278683551 130.380007346
-56.212917316 130.371087862
-56.1657228018 130.418775761
-56.0998694497 130.409726764
-56.0524243434 130.457255368
-55.9864844738 130.448076743
-55.9205354838 130.438837157
-55.8727631508 130.486137323
-55.8067285755 130.476768
-55.7587062555 130.523908027
-55.6925867041 130.514408857
-55.6443145746 130.561388381
-55.5781106608 130.551759256
-55.5295889069 130.598577915
-55.4633012485 130.588818727
-55.4145300634 130.635476158
-55.3481592824 130.625586802
-55.299138867 130.672082642
-55.23268559 130.662063014
-55.1834161529 130.708396902
-55.1168810104 130.6982469
-55.0673627683 130.744418474
-55.0007463952 130.734137997
-54.9509795727 130.780146897
-54.884282608 130.769735846
-54.8342674375 130.815581712
-54.7674905243 130.805039989
-54.7172272464 130.850722462
-54.6503710319 130.840049971
-54.599859895 130.885568691
-54.5329250307 130.874765338
-54.4821662913 130.920119948
-54.4312331149 130.965380283
-54.3641473553 130.954375782
-54.3129667913 130.999471397
-54.2458040189 130.988335747
-54.1943763448 131.033266284
-54.1271372265 131.021999395
-54.0754627278 131.0667645
-54.0236134951 131.111434404
-53.9562269048 131.099965602
-53.904131109 131.144469465
-53.8518603877 131.188877705
-53.7843278001 131.177206619
-53.7318107981 131.22144821
-53.6642045653 131.20964543
-53.6114416026 131.253720019
-53.5585035181 131.297698311
-53.4907538183 131.285692699
-53.4375700898 131.329503382
-53.3842110795 131.373217344
-53.3163194434 131.361008543
-53.2627151271 131.404554292
-53.2089353812 131.448002896
-53.1409033613 131.435590553
-53.0868786687 131.478870338
-53.0326784111 131.522052555
-52.9783024502 131.565137031
-52.9100627581 131.552449118
-52.8554422469 131.595363918
-52.8006459137 131.638180552
-52.7322695287 131.625288234
-52.6772290563 131.66793459
-52.6220126559 131.710482353
-52.5666201995 131.752931351
-52.5110515606 131.795281411
-52.4424049704 131.782040044
-52.3865926985 131.824218716
-52.3306041601 131.866298021
-52.2744392348 131.908277787
-52.2055935433 131.894758563
-52.149185507 131.936566086
-52.0926010177 131.97827364
-52.0358399614 132.019881052
-51.9789022255 132.061388146
-51.921787699 132.102794747
-51.8526143304 132.088851294
-51.7952573905 132.130084289
-51.7377236219 132.171216361
-51.6800129204 132.212247333
-51.6221251832 132.253177031
-51.5640603093 132.294005278
-51.5058181994 132.334731896
-51.4473987561 132.37535671
-51.3888018834 132.415879542
-51.3191150919 132.40128959
-51.2602768881 132.441636687
-51.2012612609 132.481881369
-51.1420681215 132.522023457
-51.0826973827 132.562062775
-51.0231489594 132.601999143
-50.9634227679 132.641832383
-50.9035187267 132.681562316
-50.843436756 132.721188763
-50.783176778 132.760711545
-50.7227387165 132.800130482
-50.6621224976 132.839445393
-50.6013280489 132.878656101
-50.5403553002 132.917762422
-50.4792041832 132.956764178
-50.4178746314 132.995661188
-50.4270502967 133.050229683
-50.3654242173 133.088991454
-50.303619297 133.127648011
-50.2416354757 133.166199169
-50.1794726954 133.204644747
-50.1171309 133.242984563
-50.0546100354 133.281218435
-49.9919100498 133.319346179
-49.9290308931 133.357367612
-49.9372045882 133.411674099
-49.8740256996 133.449557827
-49.8106672696 133.487334768
-49.7471292551 133.525004737
-49.683411615 133.56256755
-49.6195143106 133.600023022
-49.6270312867 133.654155669
-49.5628321228 133.69147181
-49.498452948 133.728680129
-49.4338937306 133.765780438
-49.3691544409 133.802772554
-49.376128543 133.856760489
-49.3110856287 133.893611925
-49.2458623158 133.93035468
-49.1804585821 133.966988566
-49.1870077481 134.020862342
-49.1212989574 134.057354488
-49.0554094352 134.093737275
-49.0616548684 134.147528573
-48.9954591657 134.183768854
-48.9290824321 134.219899282
-48.8625246581 134.25591967
-48.8683377746 134.309594625
-48.8014724281 134.345471425
-48.7344257585 134.381237688
-48.739929653 134.434828621
-48.6725743146 134.470450516
-48.6050373821 134.505961374
-48.6102297073 134.559467633
-48.5423830211 134.594833336
-48.474354482 134.630087499
-48.4792328829 134.683508425
-48.4108935169 134.718616641
-48.3423720514 134.753612813
-48.3469341661 134.806947735
-48.2781008132 134.841797159
-48.2824746291 134.895080082
-48.2133285865 134.929782271
-48.1439999647 134.964371592
-48.1480535715 135.01756744
-48.0784112184 135.052008716
-48.0822739663 135.105151951
-48.0123170887 135.139444689
-48.0159879676 135.192535087
-47.9457157749 135.226678788
-47.8752603236 135.260708465
-47.878605475 135.313710287
-47.8078336941 135.347590104
-47.810984386 135.400538452
-47.7398954948 135.434267905
-47.7428507035 135.487162545
-47.6714439245 135.520741126
-47.6742026222 135.573581823
-47.6024771813 135.607009022
-47.6050383363 135.659795535
-47.5329934626 135.69307084
-47.5353560391 135.745802928
-47.4629909653 135.778925823
-47.4651539235 135.831603241
-47.3924678859 135.864573207
-47.3944301821 135.917195708
-47.3214224208 135.950012225
-47.3231830073 136.002579559
-47.2498527662 136.035242102
-47.2514105915 136.087754017
-47.1777571185 136.120262059
-47.1791111272 136.1727183
-47.1051336745 136.205071311
-47.1062828073 136.257471619
-47.0319806312 136.289669067
-47.0329238253 136.342013183
-47.033800176 136.394338804
-46.959032375 136.426342192
-46.9597012176 136.478611291
-46.8846066515 136.510457842
-46.8850669125 136.562670151
-46.8096448505 136.594359323
-46.8098954528 136.646514572
-46.8100774965 136.698651114
-46.7341850321 136.730143737
-46.7341558224 136.782222875
-46.7340573394 136.834283224
-46.6576922947 136.86557828
-46.657380952 136.917580877
-46.5806851066 136.948716497
-46.58015981 137.00066106
-46.5795639938 137.052586676
-46.502392105 137.083522934
-46.5015807102 137.135390159
-46.5006980607 137.187238347
-46.4230479532 137.217974198
-46.4219480887 137.269763631
-46.4207762264 137.321533937
-46.3426457254 137.352068326
-46.3412550003 137.403779507
-46.3397915262 137.455471469
-46.2611784577 137.48580333
-46.2594944613 137.53743579
-46.257736957 137.589048935
-46.1786391483 137.619177192
-46.1766594507 137.670730455
-46.1746054782 137.722264305
-46.0950207583 137.752187872
-46.0927429101 137.803661451
-46.0903900117 137.855115519
-46.0103162118 137.884833299
-46.007737744 137.936226702
-46.0050834429 137.98760049
-46.0023530824 138.038954646
-45.9216368211 138.068424101
-45.9186786208 138.119717106
-45.9156435667 138.170990373
-45.8344329739 138.200251517
-45.8311683585 138.251463225
-45.8278260867 138.302655087
-45.8244059253 138.353827084
-45.82090764 138.404979198
-45.7388934013 138.433946611
-45.7351626648 138.485036568
-45.7313529875 138.536106529
-45.7274641312 138.587156474
-45.6447943516 138.61587012
-45.6406707028 138.666857389
-45.6364670466 138.717824528
-45.6321831405 138.768771515
-45.5488534373 138.797229529
-45.5443323738 138.848113311
-45.5397302206 138.898976822
-45.535046731 138.949820041
-45.5302816573 139.000642945
-45.5254347508 139.051445513
-45.441124453 139.079559068
-45.4360367908 139.13029769
-45.430866438 139.181015851
-45.4256131414 139.231713529
-45.4202766469 139.2823907
-45.3351350335 139.310200013
-45.3295547409 139.360812578
-45.3238903775 139.411404509
-45.3181416848 139.46197578
-45.3123084032 139.512526367
-45.306390272 139.563056246
-45.3003870293 139.613565391
-45.2140822466 139.640978367
-45.2078308656 139.691422014
-45.2014934785 139.741844794
-45.1950698189 139.79224668
-45.1885596194 139.842627646
-45.1819626113 139.892987666
-45.1752785248 139.943326713
-45.0877948141 139.970338056
-45.0808581604 140.020610681
-45.0738335115 140.070862192
-45.066720593 140.121092562
-45.0595191294 140.171301764
-45.0522288441 140.221489769
-45.0448494592 140.271656549
-45.0373806956 140.321802075
-45.0298222731 140.371926318
-45.0221739101 140.422029249
-45.0144353241 140.47211084
-44.9250836326 140.498530069
-44.9170853047 140.548543804
-44.9089958002 140.598536047
-44.9008148316 140.648506769
-44.8925421102 140.698455939
-44.8841773462 140.748383526
-44.8757202484 140.798289499
-44.8671705245 140.848173827
-44.8585278807 140.898036477
-44.8497920223 140.947877419
-44.8409626529 140.997696619
-44.8320394753 141.047494047
-44.8230221906 141.097269668
-44.8139104989 141.14702345
-44.8047040989 141.196755361
-44.7954026879 141.246465366
-44.7860059622 141.296153433
-44.7765136164 141.345819527
-44.7669253443 141.395463614
-44.7572408378 141.44508566
-44.7474597878 141.49468563
-44.737581884 141.544263489
-44.7276068145 141.593819202
-44.7175342661 141.643352734
-44.7073639244 141.69286405
-44.6970954735 141.742353112
-44.6867285962 141.791819885
-44.676262974 141.841264333
-44.6656982869 141.890686419
-44.6550342137 141.940086105
-44.6442704315 141.989463355
-44.6334066164 142.038818131
-44.6224424428 142.088150395
-44.611377584 142.137460108
-44.6002117115 142.186747234
-44.5889444958 142.236011733
-44.5775756056 142.285253565
-44.5661047085 142.334472693
-44.5545314705 142.383669076
-44.5428555562 142.432842675
-44.5310766287 142.481993449
-44.5191943497 142.531121359
-44.5072083795 142.580226363
-44.4951183768 142.629308421
-44.482923999 142.678367492
-44.4706249019 142.727403534
-44.5434505434 142.801276563
-44.5310237213 142.850294463
-44.5184912258 142.899289276
-44.5058527065 142.948260959
-44.4931078114 142.997209471
-44.4802561869 143.046134767
-44.4672974781 143.095036805
-44.4542313282 143.143915541
-44.4410573793 143.19277093
-44.4277752717 143.241602929
-44.4143846441 143.290411492
-44.4870951979 143.364304388
-44.4735704616 143.413094719
-44.4599361971 143.461861549
-44.4461920364 143.510604833
-44.43233761 143.559324524
-44.4183725468 143.608020578
-44.4042964742 143.656692946
-44.4769764587 143.730587473
-44.4627621865 143.779241568
-44.4484358602 143.827871908
-44.4339971002 143.876478446
-44.4194455252 143.925061133
-44.4047807524 143.97361992
-44.390002397 144.02215476
-44.4626436189 144.096052536
-44.4477228047 144.144569046
-44.4326873256 144.193061534
-44.4175367899 144.241529949
-44.402270804 144.289974241
-44.4749240922 144.363865192
-44.4595126461 144.412291138
-44.4439846396 144.460692882
-44.4283396719 144.509070374
-44.4125773402 144.557423562
-44.3966972401 144.605752394
-44.4693285515 144.679643369
-44.4532991661 144.727953799
-44.4371508675 144.776239791
-44.4208832435 144.82450129
-44.4935507117 144.898381182
-44.4771313541 144.946624277
-44.4605915026 144.994842794
-44.4439307374 145.043036678
-44.5166328757 145.116906056
-44.4998178696 145.165081528
-44.4828807567 145.21323228
-44.465821109 145.261358255
-44.4486384969 145.309459398
-44.5213398997 145.383325236
-44.5039996909 145.431407919
-44.4865352934 145.479465677
-44.559302009 145.553315727
-44.541678173 145.601355044
-44.5239289046 145.649369341
-44.5060537593 145.697358561
-44.5788502231 145.771199797
-44.5608129455 145.819170553
-44.5426485212 145.867116134
-44.6155093836 145.940942338
-44.5971809042 145.988869468
-44.578723988 146.036771324
-44.5601381751 146.084647844
-44.6330261388 146.158466233
-44.6142734622 146.206324272
-44.6872625585 146.28012138
-44.6683418749 146.327960986
-44.6492901121 146.375775113
-44.7223430022 146.449558158
-44.7031212019 146.497353858
-44.6837669692 146.545123971
-44.7568834085 146.618893278
-44.73735707 146.666644968
-44.7176969241 146.714370963
-44.7908766455 146.788126855
-44.7710422871 146.835834428
-44.751072724 146.883516196
-44.8243154367 146.957258997
-44.8041695151 147.004922342
-44.7838869685 147.052559767
-44.8571923577 147.126289802
-44.8367312665 147.173908801
-44.9101407448 147.247618744
-44.8894998324 147.295219358
-44.8687199008 147.342793889
-44.9421921354 147.416491605
-44.9212301295 147.464047745
-44.9948076353 147.537725705
-44.9736622372 147.585263496
-45.0473457829 147.658921823
-45.026015659 147.706441305
-45.0045430653 147.753934479
-45.0782898198 147.827581335
-45.0566301504 147.875056188
-45.1304841349 147.948683749
-45.1086360125 147.996140321
-45.1825980094 148.069748708
-45.1605600399 148.117187038
-45.2346308383 148.190776374
-45.2124016107 148.2381965
-45.1900252835 148.285590027
-45.264160092 148.359168867
-45.3384508857 148.432720468
-45.31583484 148.480104299
-45.390236841 148.553637216
-45.3674252001 148.601002956
-45.4419392235 148.67451731
-45.4189305059 148.721864995
-45.4935573738 148.795360909
-45.4703500799 148.842690575
-45.5450906211 148.916168171
-45.5216832325 148.963479853
-45.596538283 149.036939253
-45.5729292624 149.084232986
-45.6478996649 149.157674313
-45.624087456 149.204950132
-45.6991740606 149.278373507
-45.6751570874 149.325631445
-45.7503607511 149.399036991
-45.8257315637 149.472415454
-45.8014590051 149.51966492
-45.8769490589 149.5930257
-45.8524680784 149.640257449
-45.9280782591 149.713600669
-45.9033872139 149.760814733
-45.9791184148 149.834140513
-46.0550220123 149.907439226
-46.0300687632 149.954645388
-46.1060956562 150.027926807
-46.182297598 150.10118112
-46.1570796402 150.148379692
-46.2334072047 150.221616854
-46.3099125257 150.294826871
-46.2844273168 150.342018167
-46.3610606411 150.415211175
-46.4378744865 150.488376994
-46.4121194457 150.535561331
-46.4890637304 150.608710281
-46.5661913594 150.681831996
-46.540163867 150.729009693
-46.617424428 150.802114678
-46.6948712168 150.87519238
-46.6685686136 150.922363756
-46.7461508858 150.995424865
-46.8239223312 151.068458638
-46.9018843785 151.141465005
-46.8752514585 151.188641334
-46.9533531817 151.261631258
-47.0316485465 151.334593719
-47.1101390253 151.407528643
-47.0831724611 151.45471072
-47.161806959 151.527629347
-47.2406397086 151.600520374
-47.319672228 151.673383724
-47.3989060494 151.746219319
-47.371549703 151.79341955
-47.4509337522 151.866238998
-47.5305223765 151.939030621
-47.6103171562 152.011794337
-47.6903196865 152.084530063
-47.7705315777 152.157237715
-47.7427292401 152.204469647
-47.8230996757 152.277161296
-47.9036829238 152.349824791
-47.9844806459 152.422460043
-48.0654945195 152.495066963
-48.146726238 152.567645462
-48.2281775113 152.640195448
-48.3098500655 152.712716827
-48.2814943243 152.760008189
-48.3633381374 152.832513687
-48.4454069513 152.90499048
-48.5277025485 152.977438474
-48.6102267285 153.049857568
-48.6929813084 153.122247663
-48.7759681232 153.194608658
-48.8591890259 153.266940451
-48.9426458874 153.339242935
-49.0263405974 153.411516007
-49.110275064 153.483759557
-49.1944512142 153.555973478
-49.278870994 153.628157658
-49.3635363688 153.700311986
-49.4484493236 153.772436348
-49.5336118629 153.844530627
-49.6190260116 153.916594707
-49.7046938147 153.98862847
-49.8198668151 154.013095255
-49.9060950741 154.085053484
-49.9925829141 154.156980931
-50.079332456 154.228877469
-50.1663458421 154.300742971
-50.2536252364 154.372577306
-50.3411728248 154.444380342
-50.4289908154 154.516151948
-50.5464863509 154.540209557
-50.6348951013 154.6119026
-50.7235806142 154.6835637
-50.8125451804 154.755192715
-50.9017911142 154.826789502
-50.9913207536 154.898353917
-51.1105805425 154.922083577
-51.200724588 154.993566943
-51.2911590409 155.065017386
-51.3818863273 155.136434753
-51.4729088986 155.207818887
-51.593650934 155.231260835
-51.685308197 155.302561701
-51.7772677414 155.373828752
-51.8695321111 155.445061821
-51.9914498219 155.468260038
-52.0843653058 155.539407949
-52.1775928506 155.610521268
-52.2711350968 155.681599819
-52.3942506789 155.704549621
-52.4884609524 155.775541046
-52.5829934106 155.846497064
-52.7069738939 155.869246723
-52.802186874 155.940114048
-52.8977297035 156.0109453
-53.0225859449 156.033492022
-53.118822042 156.104232969
-53.215395839 156.174937157
-53.3411388012 156.197278089
-53.4384188664 156.267890313
-53.5360446725 156.338465064
-53.6626854215 156.360597295
-53.7610307554 156.431078376
-53.8597300656 156.501521247
-53.987279768 156.523441805
-54.086712129 156.593789251
-54.1865069004 156.664097722
-54.3149768201 156.685803573
-54.4155184324 156.756014814
-54.5445356455 156.777561607
-54.6458325871 156.847674337
-54.7754001775 156.86906071
-54.8774610171 156.939073626
-54.9799041211 157.009045611
-55.1104154392 157.030209981
-55.2136368051 157.100080225
-55.3447076327 157.121080661
-55.4487160611 157.190847806
-55.5803494373 157.211682892
-55.6851538091 157.281345554
-55.8173527515 157.302013859
-55.9229620276 157.371570632
-56.0557295306 157.39207071
-56.1621527513 157.461520165
-56.2954917843 157.481850555
-56.4027380689 157.551191236
-56.5366515747 157.571350464
-56.6447301213 157.640580893
-56.779221014 157.660567466
-56.8881410984 157.729686139
-56.9974949666 157.798758387
-57.1329832373 157.818503942
-57.2686375217 157.838140673
-57.379268819 157.907031224
-57.5155090412 157.926490737
-57.6270101658 157.99526487
-57.7638391056 158.014545612
-57.8762196387 158.083201722
-58.0136400368 158.102302125
-58.1269096337 158.170838579
-58.2649241899 158.189757059
-58.4031026374 158.208563607
-58.5177039494 158.276907158
-58.6564787726 158.295529465
-58.7719917263 158.36374912
-58.9113654928 158.382185566
-59.0277999541 158.450279601
-59.167775182 158.468528553
-59.3079119033 158.486663124
-59.4257202403 158.55455502
-59.5664602919 158.572499713
-59.6852130804 158.640261522
-59.8265588265 158.658014666
-59.9680638083 158.675651686
-60.0882198688 158.743204477
-60.2303321305 158.760647522
-60.3726018525 158.777973427
-60.4941775168 158.845312957
-60.6370559143 158.862442437
-60.7800898784 158.879453762
-60.903101409 158.946575711
-61.0467452455 158.963388137
-61.1905426337 158.980081387
-61.3150062085 159.046981358
-61.4594144586 159.063473215
-61.6039741208 159.079844875
-61.7299058174 159.146518393
-61.8750771145 159.162686142
-62.0020287199 159.229213126
-62.1478133356 159.245175184
-62.2937459598 159.261015264
-62.43982533 159.2767331
-62.5687410187 159.342939976
-62.715432884 159.358448804
-62.8622689622 159.373834365
-62.9927002357 159.439800893
-63.1401488772 159.454974868
-63.2877390609 159.470024551
-63.4354694239 159.48494968
-63.5679039859 159.550581443
-63.7162452778 159.565291626
-63.8647238922 159.579876235
-63.9987072681 159.6452564
-64.1477962631 159.659623446
-64.2970195793 159.673863898
-64.446375751 159.687977502
-64.5958632996 159.701964005
-64.7323636647 159.766900399
-64.8824573693 159.78066518
-65.0326792094 159.794301847
-65.183027648 159.807810155
-65.3215888972 159.872385658
-65.4725403152 159.885668831
-65.6236148918 159.898822637
-65.7748110308 159.911846835
-65.9154506282 159.976052456
-66.0672460182 159.988848096
-66.2191593285 160.001513128
-66.3711889035 160.014047317
-66.5233330755 160.026450425
-66.6755901645 160.03872222
-66.8192848119 160.10234649
-66.972132458 160.114384788
-67.1250890788 160.126290792
-67.2781529352 160.138064273
-67.4313222758 160.149705005
-67.5776084811 160.212832381
-67.7313607922 160.224235442
-67.8852143889 160.235504788
-68.0391674611 160.2466402
-68.1932181869 160.25764146
-68.3473647329 160.268508354
-68.5016052541 160.279240668
-68.6514528189 160.34164126
-68.8062624875 160.352130275
-68.9611615802 160.362483772
-69.1161481942 160.372701544
-69.2712204154 160.382783388
-69.426376319 160.392729103
-69.581613969 160.40253849
-69.735024845 160.46418447
-69.8908159363 160.473745001
-70.0466838712 160.483168296
-70.2026266577 160.492454164
-70.3586422928 160.501602416
-70.5147287639 160.510612866
-70.6708840477 160.519485331
-70.8271061112 160.528219629
-70.9833929114 160.536815583
-71.1397423957 160.545273015
-71.2961525018 160.553591752
