-90.0613859981 171.951538436
-89.2762090658 171.906177241
-88.4989385277 171.859395015
-87.3658053843 171.812712059
-86.6064695257 171.762490453
-86.2157282927 171.710764459
-85.4711765275 171.658540974
-84.7350094645 171.605018297
-84.3614123555 171.551671134
-83.6400318588 171.496254342
-83.2769265447 171.441989205
-82.5702414079 171.38474374
-82.2174135191 171.329600742
-81.8685599469 171.274179312
-81.5236255353 171.218484631
-80.8435978796 171.158361829
-80.5084767827 171.101855704
-80.1771020606 171.045094867
-79.8494198128 170.988084037
-79.5253766653 170.930827835
-79.2049197871 170.873330784
-78.8879969047 170.815597313
-78.5745563151 170.757631755
-78.2645468973 170.699438356
-77.9579181227 170.641021268
-77.9726854849 170.589187544
-77.6706471844 170.530581106
-77.6862155685 170.478770687
-77.3886379044 170.419980018
-77.0942247647 170.360978999
-76.8029297075 170.301771373
-76.5147068817 170.242360803
-76.2295110305 170.182750874
-75.9472974935 170.122945096
-75.6680222084 170.062946908
-75.3916417118 170.002759674
-75.4155048406 169.951202643
-75.1429356034 169.890864637
-74.8731486401 169.830344551
-74.6061029536 169.769645516
-74.3417581281 169.708770596
-74.3687634898 169.657345165
-74.1079285412 169.596333635
-73.8496908949 169.535152511
-73.8778343337 169.483788512
-73.6229521645 169.422477256
-73.6513600944 169.371138195
-73.3997459484 169.309699884
-73.1505719717 169.24810094
-72.903802828 169.186344007
-72.659403701 169.124431672
-72.690219728 169.073227722
-72.4488373716 169.011199811
-72.4798003843 168.960020112
-72.2413586944 168.897879218
-72.0051472331 168.835590772
-72.0368761914 168.784472113
-71.8034816457 168.722075724
-71.8353018712 168.670980624
-71.6046548253 168.60847863
-71.6365510683 168.557406792
-71.4085844447 168.494801449
-71.1826727311 168.432058114
-71.2151912527 168.381046061
-70.9918502146 168.318203819
-71.0243989352 168.267214267
-71.0564398597 168.216210404
-70.8361339831 168.153307797
-70.6177523309 168.090273791
-70.401268515 168.027110357
-70.4343365587 167.976201313
-70.2202051502 167.912946912
-70.2532535118 167.862059253
-70.2858077218 167.8111566
-70.0744391449 167.747849082
-70.1069689963 167.696967375
-69.8978316839 167.63357221
-69.6904382348 167.57005538
-69.7233715284 167.519229993
-69.5181231837 167.455628991
-69.551001158 167.404823734
-69.5834049233 167.354003009
-69.3806650442 167.290354685
-69.4130107178 167.239553671
-69.2123095665 167.175824049
-69.0132153666 167.111979715
-69.0458829317 167.061232984
-69.0780909563 167.010470474
-68.8813350991 166.946582602
-68.913464363 166.895838887
-68.9451440094 166.845079436
-68.7506620827 166.781148752
-68.5576840044 166.717108125
-68.5896377124 166.666401098
-68.3984887859 166.60228605
-68.4303463766 166.551596917
-68.4617682733 166.500891775
-68.2727446653 166.436737165
-68.3040698694 166.386049536
-68.1167905756 166.321822759
-68.1480142051 166.271152352
-67.9624434561 166.206854582
-67.9935609095 166.156201109
-67.8096639533 166.091833487
-67.8406708954 166.04119666
-67.8712645081 165.990543633
-67.9014491097 165.939874538
-67.7197896298 165.875503084
-67.7498681574 165.8248502
-67.5697996265 165.76041066
-67.391007896 165.695872134
-67.421259199 165.645267125
-67.2440041129 165.580662772
-67.2741341343 165.530073215
-67.3038717638 165.479467302
-67.3332209458 165.428845163
-67.1580084208 165.364238835
-67.1872411026 165.313631741
-67.2160931295 165.263008477
-67.0426050748 165.198368796
-66.8702915612 165.133634796
-66.8992820384 165.083056991
-66.9278995375 165.032462889
-66.7572420835 164.967696963
-66.7857380154 164.91711705
-66.8138683111 164.8665209
-66.8416364912 164.815908632
-66.6728376574 164.751141063
-66.7004889016 164.700542605
-66.5330278687 164.635713698
-66.3666506386 164.570794683
-66.3944118871 164.52023938
-66.4218217191 164.469667784
-66.2569634302 164.404718662
-66.2842490811 164.354160123
-66.3111900361 164.303585351
-66.3377894883 164.252994461
-66.3640505923 164.202387564
-66.3899764647 164.151764769
-66.4155701847 164.101126187
-66.4408347946 164.050471923
-66.4657733006 163.999802084
-66.3037134053 163.934993859
-66.1426456244 163.870098307
-65.9825593462 163.805116367
-65.8234440869 163.740048964
-65.8489052427 163.689475113
-65.8740467277 163.638885257
-65.8988713792 163.588279504
-65.7413129517 163.523210507
-65.7660226865 163.472616302
-65.6095940668 163.407490887
-65.4540864011 163.34228258
-65.4788691306 163.291726835
-65.503343895 163.241155045
-65.5275133582 163.190567311
-65.5513801542 163.139963733
-65.3975251286 163.074780944
-65.4212777219 163.024188142
-65.4447330113 162.973579546
-65.2921245625 162.908368286
-65.3154668665 162.857770199
-65.1639016219 162.792504566
-65.187129489 162.74191677
-65.0365903387 162.676597366
-65.0597024036 162.626019646
-65.0825276745 162.575426092
-65.1050685343 162.524816798
-65.1273273402 162.474191856
-64.978307337 162.408895942
-65.0004567489 162.35828073
-65.0223289262 162.307649918
-65.0439261386 162.257003594
-64.8962210838 162.191704674
-64.7493115973 162.126328047
-64.7709660998 162.075715981
-64.7923504625 162.025088316
-64.6465475943 161.959684179
-64.6678237117 161.909065537
-64.6888342044 161.858431341
-64.70958119 161.807781678
-64.7300667645 161.757116631
-64.585662007 161.691733431
-64.6060450653 161.641077078
-64.6261710042 161.590405384
-64.6460418447 161.53971843
-64.5028484229 161.474331022
-64.5226199824 161.423652479
-64.3803103749 161.358213513
-64.3999815488 161.307543186
-64.2585423322 161.242053157
-64.2781120778 161.191390854
-64.2974350621 161.140713246
-64.3165131754 161.090020412
-64.3353482896 161.039312431
-64.3539422575 160.98858938
-64.2139387269 160.923140599
-64.2324383928 160.872425215
-64.250700705 160.821694795
-64.1116716622 160.756217829
-64.1298406032 160.705494848
-63.9916288156 160.639967497
-64.009703413 160.58925177
-64.0275462528 160.538520999
-63.8902762418 160.472965827
-63.9080256939 160.422242086
-63.9255469588 160.371503334
-63.9428417149 160.320749643
-63.9599116246 160.269981085
-63.8238346111 160.204441519
-63.8408156702 160.153679688
-63.8575752896 160.10290302
-63.8741150763 160.052111582
-63.7390729829 159.986565055
-63.7555264926 159.935780087
-63.6212396131 159.870184079
-63.6376059684 159.819405404
-63.6537574637 159.768611948
-63.6696956313 159.717803777
-63.5364071849 159.652200394
-63.5522606782 159.601398263
-63.5679039859 159.550581443
-63.5833385909 159.499749998
-63.5985659621 159.448903992
-63.4663811553 159.383313033
-63.4815277982 159.332472777
-63.496470211 159.281617983
-63.3651199989 159.215998203
-63.3799823962 159.16514895
-63.2493320081 159.099480488
-63.2641135953 159.048636607
-63.2786953903 158.997778172
-63.2930787644 158.946905243
-63.3072650763 158.89601788
-63.1776599979 158.830360095
-63.1917691514 158.779477822
-63.2056840217 158.728581134
-63.2194059253 158.677670092
-63.2329361671 158.626744751
-63.2462760401 158.575805171
-63.1178113584 158.51017584
-63.1310788911 158.459241027
-63.0032709724 158.393563246
-63.0164653955 158.34263304
-63.0294734221 158.29168857
-62.9024261422 158.225981399
-62.9153616532 158.175041338
-62.9281133169 158.124087029
-62.9406823437 158.073118526
-62.9530699334 158.022135884
-62.9652772753 157.971139155
-62.8393105378 157.905457542
-62.8514497628 157.854464906
-62.8634111584 157.803458197
-62.8751958787 157.752437465
-62.8868050676 157.701402762
-62.7617868512 157.635726901
-62.7733308449 157.584696018
-62.6489202131 157.51897213
-62.6603982919 157.467944913
-62.6717043352 157.416903696
-62.547998983 157.351149618
-62.5592395891 157.300111876
-62.570310409 157.249060144
-62.5812125167 157.19799447
-62.5919469765 157.146914903
-62.6025148443 157.095821491
-62.612917167 157.044714279
-62.4903212926 156.978998397
-62.5006630954 156.927894313
-62.5108414698 156.876776438
-62.5208574326 156.825644815
-62.5307119925 156.774499492
-62.4089970607 156.708785923
-62.41879359 156.657643461
-62.4284307499 156.606487301
-62.307378304 156.540742376
-62.3169577783 156.489588892
-62.3263798773 156.438421715
-62.2059797152 156.372645435
-62.2153444734 156.321480749
-62.2245538116 156.270302374
-62.2336086711 156.219110353
-62.2425099855 156.167904727
-62.2512586811 156.11668554
-62.2598556765 156.065452831
-62.1404879923 155.999708518
-62.1490318308 155.948477958
-62.1574258134 155.897233877
-62.1656708337 155.845976316
-62.1737677778 155.794705313
-62.0552186102 155.728959718
-62.0632644919 155.677690603
-62.0711640725 155.626408047
-61.9532287945 155.560629989
-61.9610775533 155.50934914
-61.9687817527 155.458054848
-61.85145123 155.392244322
-61.8591048498 155.34095156
-61.8666156195 155.289645352
-61.8739843686 155.238325737
-61.8812119204 155.18699275
-61.8882990915 155.135646428
-61.8952466925 155.084286807
-61.9020555274 155.032913924
-61.7857794625 154.967143961
-61.7925421103 154.91577223
-61.7991675928 154.864387231
-61.8056566928 154.812988999
-61.8120101875 154.761577567
-61.6964948468 154.695802601
-61.7028038946 154.644392067
-61.7089788799 154.592968326
-61.5940323382 154.527159664
-61.6001630231 154.475736646
-61.6061611608 154.424300416
-61.612027494 154.372851006
-61.6177627599 154.321388449
-61.5035521518 154.255573466
-61.5092447498 154.204111378
-61.514807742 154.152636135
-61.5202418467 154.101147767
-61.5255477768 154.049646307
-61.5307262401 153.998131784
-61.5357779388 153.946604231
-61.5407035702 153.895063676
-61.4274746736 153.829281039
-61.4323612751 153.777740579
-61.4371231814 153.726187107
-61.4417610719 153.674620652
-61.4462756213 153.623041243
-61.3337525388 153.557249484
-61.33822946 153.505669919
-61.3425843646 153.454077387
-61.2305869632 153.388250433
-61.2349042925 153.336657576
-61.2391009072 153.285051739
-61.2431774536 153.233432952
-61.2471345731 153.181801242
-61.1358206432 153.115963924
-61.1397415054 153.064331638
-61.1435441983 153.012686415
-61.1472293477 152.961028282
-61.150797575 152.909357264
-61.154249497 152.857673388
-61.157585726 152.805976679
-61.1608068702 152.754267164
-61.1639135332 152.702544868
-61.0535961728 152.636744021
-61.05667019 152.585020735
-61.0596308992 152.533284652
-61.0624788895 152.481535795
-61.0652147459 152.429774188
-60.9555522494 152.363960057
-60.9582565721 152.312197214
-60.9608498952 152.260421603
-60.8516731655 152.194570703
-60.8542349304 152.142793691
-60.8566868115 152.091003895
-60.8590293702 152.039201336
-60.8612631641 151.987386039
-60.8633887468 151.935558024
-60.7549244326 151.869703734
-60.7570200309 151.817874032
-60.7590084882 151.766031593
-60.7608903451 151.714176441
-60.7626661385 151.662308596
-60.7643364016 151.610428081
-60.765901664 151.558534916
-60.7673624515 151.506629122
-60.7687192863 151.45471072
-60.7699726872 151.402779731
-60.7711231692 151.350836174
-60.7721712439 151.298880069
-60.7731174194 151.246911437
-60.7739622002 151.194930296
-60.7747060875 151.142936665
-60.775349579 151.090930564
-60.775893169 151.038912011
-60.7763373486 150.986881025
-60.7766826053 150.934837623
-60.7769294235 150.882781824
-60.6702322008 150.817066467
-60.6704570397 150.765008098
-60.6705843525 150.712937306
-60.5643322918 150.647182337
-60.4583717433 150.581368471
-60.458550896 150.529304613
-60.45863338 150.477228246
-60.4586196603 150.425139388
-60.4585101985 150.373038055
-60.353131313 150.307203806
-60.3529994384 150.255099427
-60.3527726939 150.202982548
-60.3524515311 150.150853186
-60.3520363986 150.098711356
-60.3515277418 150.046557075
-60.3509260033 149.994390359
-60.3502316228 149.942211223
-60.2456399035 149.876383108
-60.2449249776 149.824200553
-60.2441182345 149.772005551
-60.1399444025 149.706137084
-60.1391169603 149.653938507
-60.1381985139 149.601727455
-60.1371894869 149.549503942
-60.1360903 149.497267984
-60.032468516 149.431376537
-60.031349234 149.379136761
-60.0301405805 149.326884512
-60.028842967 149.274619802
-60.0274568027 149.222342646
-60.0259824938 149.170053057
-60.0244204442 149.117751049
-60.0227710548 149.065436636
-60.0210347244 149.01310983
-60.0192118489 148.960770644
-59.9164756873 148.894896754
-59.9146350494 148.842553294
-59.9127086011 148.790197424
-59.91069673 148.737829156
-59.9085998213 148.685448502
-59.9064182578 148.633055475
-59.9041524196 148.580650087
-59.9018026846 148.528232348
-59.8993694283 148.475802272
-59.8968530237 148.423359868
-59.7949823252 148.357499021
-59.7924502695 148.305051885
-59.7898357509 148.252592389
-59.7871391347 148.200120545
-59.6857177538 148.13422469
-59.683005595 148.081747916
-59.6802120092 148.02925876
-59.6773373542 147.976757234
-59.5763588475 147.910826041
-59.5734687538 147.858319387
-59.5704982474 147.805800329
-59.5674476785 147.753268877
-59.5643173955 147.700725041
-59.5611077444 147.648168831
-59.5578190691 147.595600256
-59.5544517115 147.543019325
-59.5510060111 147.490426048
-59.5474823056 147.437820434
-59.5438809305 147.385202491
-59.5402022193 147.332572229
-59.5364465032 147.279929656
-59.5326141117 147.227274781
-59.4327135027 147.161376137
-59.4288685911 147.108715499
-59.4249475986 147.056042522
-59.4209508479 147.003357216
-59.4168786598 146.950659586
-59.4127313531 146.897949642
-59.4085092446 146.845227391
-59.4042126493 146.792492839
-59.3998418802 146.739745995
-59.3953972484 146.686986866
-59.3908790632 146.634215457
-59.2918394503 146.568322573
-59.2873105581 146.515544896
-59.2827086643 146.462754903
-59.2780340719 146.4099526
-59.1794040925 146.344020531
-59.1747187875 146.291211763
-59.1699613245 146.238390647
-59.1651320009 146.185557189
-59.1602311118 146.132711396
-59.1552589511 146.079853273
-59.1502158107 146.026982826
-59.0521721249 145.961028128
-59.0471189609 145.908150887
-59.0419953348 145.855261283
-59.036801533 145.802359322
-59.0315378399 145.749445009
-59.0262045385 145.696518348
-59.0208019098 145.643579346
-59.0153302335 145.590628007
-59.0097897873 145.537664335
-59.0041808474 145.484688336
-58.9985036885 145.431700014
-58.9927585835 145.378699372
-58.9869458038 145.325686417
-58.981065619 145.27266115
-58.9751182975 145.219623577
-58.9691041057 145.166573701
-58.8721703767 145.100639771
-58.8661486768 145.047582365
-58.8600605703 144.994512615
-58.8539063187 144.941430525
-58.8476861821 144.888336096
-58.8414004189 144.835229334
-58.8350492862 144.782110239
-58.8286330394 144.728978817
-58.8221519327 144.675835069
-58.8156062185 144.622678999
-58.808996148 144.569510608
-58.7128499721 144.503565414
-58.7062336406 144.450388981
-58.6995533842 144.397200184
-58.6928094492 144.343999026
-58.6860020807 144.290785509
-58.5902831433 144.2248005
-58.5834695897 144.171578699
-58.5765930227 144.118344495
-58.5696536826 144.065097891
-58.5626518086 144.011838889
-58.5555876383 143.958567489
-58.5484614082 143.905283693
-58.5412733533 143.851987503
-58.4461434157 143.785973487
-58.4389497526 143.732668634
-58.4316946646 143.679351343
-58.4243783826 143.626021614
-58.4170011359 143.572679448
-58.4095631526 143.519324845
-58.4020646596 143.465957808
-58.3945058823 143.412578336
-58.3868870451 143.35918643
-58.3792083709 143.305782091
-58.3714700814 143.252365318
-58.3636723971 143.198936112
-58.3558155373 143.145494473
-58.3478997199 143.092040401
-58.3399251616 143.038573896
-58.3318920781 142.985094957
-58.3238006837 142.931603585
-58.3156511915 142.878099778
-58.3074438134 142.824583536
-58.2991787601 142.771054859
-58.2908562413 142.717513745
-58.1970128758 142.65150893
-58.1886871977 142.597958172
-58.1803044003 142.544394929
-58.1718646896 142.490819202
-58.1633682702 142.437230988
-58.1548153457 142.383630287
-58.1462061185 142.330017096
-58.1375407898 142.276391416
-58.12881956 142.222753243
-58.1200426281 142.169102577
-58.1112101921 142.115439415
-58.1023224487 142.061763756
-58.0933795939 142.008075598
-58.0003536803 141.942044789
-57.9914086704 141.888346368
-57.9824088674 141.834635398
-57.9733544635 141.780911877
-57.9642456502 141.727175803
-57.9550826176 141.673427174
-57.945865555 141.619665986
-57.8533243579 141.55359153
-57.8441053142 141.499819741
-57.8348325464 141.446035344
-57.8255062403 141.392238337
-57.8161265809 141.338428715
-57.8066937522 141.284606477
-57.797207937 141.230771619
-57.7876693172 141.176924138
-57.7780780738 141.12306403
-57.7684343868 141.069191293
-57.758738435 141.015305923
-57.7489903965 140.961407916
-57.7391904484 140.907497268
-57.7293387666 140.853573976
-57.6376286676 140.787465152
-57.6277759169 140.733530587
-57.6178717119 140.679583326
-57.6079162255 140.625623365
-57.5979096299 140.5716507
-57.5878520963 140.517665328
-57.577743795 140.463667242
-57.5675848954 140.409656441
-57.557375566 140.355632918
-57.5471159741 140.301596669
-57.5368062866 140.24754769
-57.5264466691 140.193485975
-57.5160372866 140.139411521
-57.5055783028 140.085324322
-57.4950698811 140.031224373
-57.4845121835 139.977111669
-57.4739053715 139.922986205
-57.4632496054 139.868847975
-57.4525450449 139.814696975
-57.4417918488 139.760533199
-57.4309901751 139.70635664
-57.4201401806 139.652167295
-57.3296279476 139.586021745
-57.398295854 139.543750219
-57.3873018318 139.489522476
-57.2969350977 139.423378162
-57.285941732 139.369137935
-57.2749007471 139.314884849
-57.2638122952 139.260618897
-57.2526765274 139.206340073
-57.2414935941 139.152048371
-57.230263645 139.097743785
-57.2189868288 139.043426308
-57.2076632937 138.989095934
-57.1962931868 138.934752655
-57.1848766547 138.880396466
-57.173413843 138.82602736
-57.1619048967 138.771645329
-57.1503499599 138.717250367
-57.1387491761 138.662842467
-57.1271026878 138.608421621
-57.115410637 138.553987823
-57.1036731648 138.499541065
-57.0142623853 138.433339981
-57.0025263709 138.378879851
-56.9907451438 138.324406705
-56.9789188427 138.269920534
-56.967047606 138.215421332
-56.9551315709 138.16090909
-56.9431708742 138.106383801
-56.9311656518 138.051845458
-56.9191160391 137.997294051
-56.8302171025 137.93103206
-56.8181690175 137.876466832
-56.8060767397 137.821888484
-56.7939404024 137.767297007
-56.7817601378 137.712692393
-56.7695360778 137.658074635
-56.7572683532 137.603443723
-56.7449570946 137.54879965
-56.7326024314 137.494142406
-56.7202044928 137.439471983
-56.707763407 137.384788374
-56.6952793016 137.330091568
-56.6827523037 137.275381557
-56.6701825396 137.220658332
-56.6575701348 137.165921885
-56.6449152146 137.111172206
-56.6322179031 137.056409286
-56.6194783242 137.001633116
-56.6066966009 136.946843687
-56.5938728556 136.892040989
-56.5810072102 136.837225013
-56.5680997858 136.78239575
-56.555150703 136.72755319
-56.5421600817 136.672697322
-56.5291280412 136.617828139
-56.5160547002 136.562945629
-56.5029401767 136.508049783
-56.4897845882 136.453140591
-56.4765880516 136.398218043
-56.4633506831 136.343282129
-56.3758793846 136.276924836
-56.3626446679 136.221973587
-56.3493692792 136.167008909
-56.3360533331 136.112030795
-56.3226969434 136.057039232
-56.3093002233 136.002034211
-56.2958632856 135.947015721
-56.2823862423 135.891983751
-56.268869205 135.836938292
-56.2553122846 135.781879331
-56.2417155914 135.726806859
-56.2280792354 135.671720864
-56.2144033258 135.616621336
-56.2006879711 135.561508264
-56.1869332797 135.506381636
-56.173139359 135.451241441
-56.1593063161 135.396087669
-56.1454342574 135.340920307
-56.1315232889 135.285739345
-56.1175735159 135.230544771
-56.1035850434 135.175336573
-56.0895579755 135.12011474
-56.0754924162 135.064879261
-56.0613884686 135.009630123
-56.0472462354 134.954367315
-56.0330658188 134.899090825
-56.0188473205 134.84380064
-56.0045908417 134.78849675
-55.9902964829 134.733179141
-55.9759643443 134.677847803
-55.9615945255 134.622502721
-55.9471871255 134.567143885
-55.9327422429 134.511771282
-55.9182599759 134.4563849
-55.9037404219 134.400984725
-55.8891836781 134.345570746
-55.8745898411 134.29014295
-55.8599590069 134.234701323
-55.8452912712 134.179245854
-55.8305867289 134.12377653
-55.8158454749 134.068293337
-55.8010676032 134.012796263
-55.7862532074 133.957285294
-55.7714023808 133.901760418
-55.756515216 133.846221621
-55.7415918053 133.79066889
-55.7266322404 133.735102212
-55.7116366127 133.679521573
-55.6966050129 133.62392696
-55.6815375314 133.568318359
-55.6664342582 133.512695758
-55.6512952826 133.457059141
-55.6361206936 133.401408496
-55.6209105798 133.345743808
-55.6056650292 133.290065064
-55.5903841295 133.234372251
-55.5750679679 133.178665353
-55.559716631 133.122944356
-55.5443302052 133.067209248
-55.5289087764 133.011460013
-55.5134524298 132.955696637
-55.4979612506 132.899919106
-55.4824353233 132.844127406
-55.4668747319 132.788321522
-55.4512795602 132.732501439
-55.4356498914 132.676667144
-55.4199858083 132.620818621
-55.4042873933 132.564955855
-55.3885547285 132.509078832
-55.3727878953 132.453187537
-55.356986975 132.397281956
-55.3411520482 132.341362072
-55.3252831953 132.285427871
-55.3093804962 132.229479338
-55.2934440304 132.173516458
-55.277473877 132.117539216
-55.2614701147 132.061547595
-55.2454328217 132.005541582
-55.229362076 131.949521159
-55.213257955 131.893486313
-55.1971205358 131.837437027
-55.1809498951 131.781373285
-55.1647461093 131.725295072
-55.1485092542 131.669202373
-55.1322394053 131.613095171
-55.1159366378 131.55697345
-55.0996010265 131.500837194
-55.0832326456 131.444686388
-55.0668315693 131.388521016
-55.050397871 131.33234106
-55.033931624 131.276146506
-55.0174329012 131.219937336
-55.0009017751 131.163713534
-54.9843383176 131.107475084
-54.9677426007 131.05122197
-54.9511146956 130.994954174
-54.9344546733 130.938671681
-54.9177626045 130.882374473
-54.9010385594 130.826062533
-54.884282608 130.769735846
-54.8674948197 130.713394394
-54.8506752638 130.65703816
-54.8338240091 130.600667127
-54.8169411241 130.544281279
-54.8000266768 130.487880597
-54.7830807352 130.431465065
-54.7661033665 130.375034666
-54.8152507613 130.328930525
-54.7981437475 130.272461701
-54.781005642 130.215977979
-54.7638365102 130.159479342
-54.7466364176 130.102965773
-54.729405429 130.046437253
-54.7121436092 129.989893764
-54.6948510224 129.93333529
-54.6775277325 129.876761812
-54.6601738033 129.820173311
-54.6427892981 129.763569771
-54.6253742797 129.706951173
-54.6079288108 129.650317498
-54.5904529538 129.593668729
-54.5729467706 129.537004848
-54.555410323 129.480325835
-54.5378436721 129.423631673
-54.5202468792 129.366922343
-54.5026200048 129.310197826
-54.4849631094 129.253458104
-54.467276253 129.196703159
-54.4495594953 129.139932971
-54.4318128959 129.083147521
-54.4140365138 129.026346792
-54.3962304079 128.969530763
-54.3783946367 128.912699416
-54.3605292583 128.855852732
-54.3426343307 128.798990692
-54.3247099114 128.742113276
-54.3067560578 128.685220466
-54.2887728267 128.628312241
-54.270760275 128.571388583
-54.3167878773 128.524465794
-54.2986539545 128.467503296
-54.2804910029 128.410525326
-54.2622990776 128.353531865
-54.2440782336 128.296522893
-54.2258285253 128.23949839
-54.207550007 128.182458336
-54.1892427326 128.125402711
-54.170906756 128.068331496
-54.1525421305 128.011244669
-54.1341489091 127.954142212
-54.1157271448 127.897024103
-54.1605908908 127.849754358
-54.0787981972 127.782740851
-54.1234822826 127.735424454
-54.1048856304 127.678235942
-54.0862608144 127.621031697
-54.0676078854 127.563811697
-54.0489268938 127.506575922
-54.0302178901 127.449324351
-54.0114809242 127.392056963
-53.9927160458 127.334773737
-53.9739233044 127.277474653
-53.9551027492 127.22015969
-53.9362544291 127.162828825
-53.9173783928 127.105482039
-53.8984746886 127.04811931
-53.8795433647 126.990740616
-53.9229195411 126.943032143
-53.9038734838 126.885614169
-53.8848000645 126.828180185
-53.8656993299 126.770730169
-53.8465713266 126.7132641
-53.8274161008 126.655781956
-53.8082336985 126.598283715
-53.7890241654 126.540769356
-53.769787547 126.483238856
-53.7505238886 126.425692193
-53.7312332351 126.368129346
-53.7119156312 126.310550292
-53.6925711215 126.252955009
-53.6731997501 126.195343475
-53.6538015611 126.137715668
-53.6343765981 126.080071565
-53.6149249047 126.022411143
-53.5954465241 125.964734381
-53.5759414993 125.907041255
-53.556409873 125.849331744
-53.5368516878 125.791605823
-53.5172669859 125.733863471
-53.4976558095 125.676104665
-53.5389997277 125.62779549
-53.5192786223 125.569996874
-53.438663849 125.502729291
-53.4797577269 125.454350102
-53.4599580183 125.396501899
-53.4401321896 125.338637121
-53.4202802809 125.280755745
-53.400402332 125.222857746
-53.3804983826 125.164943101
-53.3605684721 125.107011788
-53.3406126397 125.049063781
-53.3206309243 124.991099058
-53.3609157898 124.942446173
-53.3408265672 124.884441358
-53.320711682 124.826419772
-53.300571172 124.768381391
-53.2804050748 124.710326192
-53.2602134275 124.652254149
-53.2399962674 124.594165238
-53.2796460059 124.545285801
-53.2593227718 124.48715665
-53.238974238 124.429010575
-53.2186004404 124.370847551
-53.1982014147 124.312667555
-53.1777771965 124.254470561
-53.1573278211 124.196256546
-53.1368533235 124.138025483
-53.1163537387 124.079777348
-53.0958291013 124.021512117
-53.0752794457 123.963229764
-53.0547048062 123.904930264
-53.0933307349 123.855707801
-53.0726522626 123.797367731
-53.051949008 123.739010454
-53.0312210042 123.680635946
-53.0104682841 123.622244181
-52.9896908806 123.563835133
-52.9688888261 123.505408777
-52.9480621529 123.446965087
-52.9272108931 123.388504038
-52.9063350788 123.330025604
-52.8854347416 123.271529759
-52.864509913 123.213016476
-52.8435606244 123.154485731
-52.8225869068 123.095937497
-52.8015887912 123.037371747
-52.7805663084 122.978788456
-52.7595194887 122.920187598
-52.7967576161 122.870504615
-52.7756098877 122.811862643
-52.7544380088 122.753203038
-52.7332420089 122.694525776
-52.7120219174 122.635830829
-52.6907777633 122.577118171
-52.6695095756 122.518387774
-52.6482173829 122.459639613
-52.6269012139 122.400873659
-52.6633902549 122.350917628
-52.6419747215 122.292110279
-52.62053539 122.233285072
-52.5990722879 122.17444198
-52.5775854427 122.115580975
-52.6136346829 122.065446243
-52.5920493787 122.006543707
-52.5704405051 121.947623191
-52.5488080883 121.888684667
-52.5271521547 121.829728107
-52.5054727301 121.770753483
-52.4837698405 121.711760768
-52.4620435114 121.652749932
-52.4402937684 121.59372095
-52.4185206367 121.534673791
-52.4537644128 121.484242362
-52.4318944191 121.425153324
-52.4100012022 121.366046039
-52.3880847862 121.306920481
-52.3661451953 121.247776619
-52.3441824536 121.188614426
-52.3221965849 121.129433873
-52.3001876127 121.070234931
-52.2781555606 121.011017571
-52.2561004519 120.951781765
-52.2340223096 120.892527483
-52.2119211568 120.833254697
-52.1897970162 120.773963377
-52.1676499103 120.714653495
-52.1454798618 120.65532502
-52.1795706138 120.604477432
-52.1573058997 120.545106485
-52.1350183963 120.485716872
-52.1127081253 120.426308563
-52.0903751079 120.366881529
-52.0680193655 120.307435739
-52.101619096 120.256385585
-52.0791696195 120.196897108
-52.0566975666 120.137389799
-52.0342029575 120.07786363
-52.0674571827 120.026658739
-52.0448694981 119.967089753
-52.0222594025 119.907501829
-51.9996269156 119.847894935
-51.9769720565 119.788269043
-51.9542948444 119.72862412
-51.9315952983 119.668960137
-51.9088734369 119.609277062
-51.886129279 119.549574866
-51.863362843 119.489853516
-51.8958548811 119.438350028
-51.8729967449 119.378585439
-51.8501164684 119.318801618
-51.8272140692 119.258998532
-51.8042895649 119.19917615
-51.7813429728 119.139334442
-51.7583743101 119.079473376
-51.7353835938 119.01959292
-51.7123708408 118.959693042
-51.6893360678 118.899773711
-51.6662792913 118.839834896
-51.6432005278 118.779876564
-51.6748050773 118.728025141
-51.6516361578 118.668023022
-51.6284453804 118.608001304
-51.6052327609 118.547959954
-51.5819983146 118.487898939
-51.6132023127 118.435868301
-51.5898784137 118.375763295
-51.5665328134 118.315638539
-51.5974736744 118.263477263
-51.5740390931 118.203308411
-51.5505829336 118.143119724
-51.5271052098 118.08291117
-51.5036059357 118.022682714
-51.4800851248 117.962434324
-51.4565427909 117.902165967
-51.4329789472 117.841877609
-51.4093936072 117.781569217
-51.4396721403 117.729131052
-51.4159989174 117.668778131
-51.3923043149 117.608405088
-51.3685883453 117.548011888
-51.344851021 117.487598499
-51.3210923541 117.427164887
-51.2973123569 117.366711016
-51.2735110412 117.306236854
-51.3032012707 117.253545398
-51.2793130264 117.193026313
-51.2554035751 117.132486845
-51.2314729279 117.07192696
-51.2075210958 117.011346623
-51.2368246795 116.958475174
-51.2127865492 116.897849679
-51.1887273418 116.83720364
-51.1646470678 116.776537023
-51.1936314115 116.723510134
-51.1694653604 116.662798176
-51.1452783475 116.602065545
-51.1210703826 116.541312207
-51.096841475 116.480538127
-51.0725916341 116.419743268
-51.1011299363 116.366511289
-51.0767950149 116.305670783
-51.0524392612 116.244809404
-51.0280626836 116.183927115
-51.056286027 116.130539452
-51.0318248672 116.069611323
-51.0598619629 116.016117732
-51.0877766934 115.962543173
-51.0631678602 115.901544234
-51.0385384704 115.840524202
-51.0138885308 115.779483041
-50.9892180487 115.718420714
-50.9645270307 115.657337184
-50.9398154838 115.596232415
-50.9150834143 115.53510637
-50.8903308289 115.473959011
-50.8655577338 115.412790302
-50.8407641352 115.351600206
-50.8159500393 115.290388685
-50.7911154519 115.229155702
-50.7662603789 115.167901219
-50.741384826 115.1066252
-50.7164887986 115.045327605
-50.7433405826 114.991296126
-50.7183619895 114.929951639
-50.6933630082 114.868585474
-50.6683436435 114.807197594
-50.6433039002 114.74578796
-50.6182437828 114.684356535
-50.5931632958 114.622903279
-50.6195243459 114.568639048
-50.5943619763 114.507138485
-50.569179319 114.445615986
-50.5952985003 114.39122026
-50.5700343181 114.329650298
-50.5447499279 114.268058294
-50.519445333 114.206444209
-50.5452625983 114.151891411
-50.5198769055 114.090229637
-50.4944710853 114.028545674
-50.4690451402 113.966839484
-50.4435990727 113.905111026
-50.4181328853 113.843360262
-50.3926465801 113.781587152
-50.3671401594 113.719791655
-50.3924152201 113.664978811
-50.3668284061 113.603135114
-50.341221549 113.541268921
-50.3155946503 113.479380191
-50.2899477115 113.417468883
-50.3148652582 113.362472388
-50.2891383973 113.300512571
-50.3138794832 113.245409859
-50.2880729587 113.18340143
-50.2622465307 113.12137024
-50.2364001995 113.059316247
-50.2105339653 112.997239411
-50.234920693 112.941952553
-50.2089752485 112.879826786
-50.1830099661 112.817678061
-50.1570248453 112.755506336
-50.1310198857 112.693311571
-50.1049950865 112.631093722
-50.0789504469 112.568852748
-50.0528859661 112.506588608
-50.0268016431 112.444301258
-50.0506007915 112.388724899
-50.0244379479 112.326387992
-49.9982553222 112.264027758
-49.9720529127 112.201644155
-49.9458307176 112.13923714
-49.9692811751 112.083475165
-49.9429808799 112.021018253
-49.9662588836 111.965149682
-49.9398807236 111.902642761
-49.9134828932 111.840112231
-49.8870653896 111.777558049
-49.8606282101 111.714980171
-49.883560446 111.658925355
-49.8570458048 111.596297118
-49.8305115405 111.533645065
-49.8039576496 111.470969149
-49.7773841286 111.408269328
-49.7507909737 111.345545556
-49.7733219601 111.289277181
-49.7466517886 111.226502616
-49.7199620328 111.163703976
-49.7422657136 111.107301878
-49.7154992151 111.044452241
-49.7376333426 110.987943207
-49.7107903196 110.925042451
-49.6839278111 110.862117413
-49.6570458119 110.799168049
-49.6301443168 110.736194312
-49.6519389582 110.679497326
-49.6249613037 110.616472097
-49.5979641968 110.553422368
-49.5709476316 110.490348093
-49.5439116023 110.427249225
-49.5168561025 110.364125718
-49.5382567562 110.307212926
-49.5111254976 110.244037464
-49.5323588275 110.187017361
-49.5051520146 110.123789811
-49.526218376 110.066662371
-49.4989362112 110.0033826
-49.4716347067 109.940077889
-49.444313855 109.876748191
-49.4169736487 109.813393459
-49.38961408 109.750013645
-49.4102908832 109.692668937
-49.3828563353 109.62923642
-49.3554024596 109.565778687
-49.3279292479 109.502295689
-49.3004366917 109.438787379
-49.3207816199 109.381252073
-49.2932144015 109.317690656
-49.2656278705 109.25410379
-49.28575278 109.196432887
-49.2580918151 109.132792683
-49.2304115677 109.069126891
-49.2503171387 109.011320198
-49.2225626813 108.947600834
-49.1947889696 108.883855742
-49.1669959939 108.820084875
-49.1391837441 108.75628818
-49.1587612423 108.69828939
-49.1308750744 108.634438703
-49.1029696582 108.570562047
-49.0750449829 108.506659374
-49.047101038 108.442730633
-49.0663520636 108.384538972
-49.0383344817 108.320555809
-49.0574231195 108.262255699
-49.0293320737 108.198217961
-49.0012218139 108.134153916
-48.9730923288 108.070063515
-48.991910782 108.011598006
-48.9637080669 107.947452685
-48.9354861459 107.88328086
-48.9072450069 107.81908248
-48.8789846376 107.754857493
-48.8507050256 107.690605847
-48.8691468234 107.631917081
-48.8407942673 107.567609972
-48.8124224851 107.503276054
-48.8306500914 107.444449459
-48.802205554 107.380059818
-48.8202729612 107.321124074
-48.7917558266 107.256678545
-48.8096633356 107.197633579
-48.7810737596 107.133131995
-48.7524650248 107.068603255
-48.723837117 107.004047304
-48.6951900221 106.93946409
-48.7127786621 106.88022249
-48.6840593533 106.815582753
-48.655320867 106.750915596
-48.672697695 106.691535136
-48.6438871667 106.626811183
-48.6611054845 106.567320985
-48.6322230602 106.502540061
-48.649283155 106.442940037
-48.6203289785 106.378101969
-48.5913556751 106.313236119
-48.562363229 106.248342433
-48.5333516243 106.183420855
-48.5500964372 106.123622145
-48.5210132809 106.058642932
-48.4919109689 105.993635665
-48.5084462248 105.933696961
-48.4792725163 105.868631772
-48.4956508676 105.808582665
-48.4664058965 105.74345937
-48.4371417878 105.678307753
-48.407858524 105.613127758
-48.4239762916 105.552908159
-48.3946219289 105.487669658
-48.3652484091 105.422402612
-48.3358557143 105.357106965
-48.3517137535 105.296716251
-48.3222501164 105.231361691
-48.3379525116 105.170859945
-48.3084180563 105.105446281
-48.3239650694 105.044833392
-48.2943599181 104.979360432
-48.2647356125 104.913858481
-48.2800760814 104.853103834
-48.250381211 104.787542279
-48.220667178 104.721951563
-48.1909339629 104.656331626
-48.1611815459 104.590682408
-48.1762134895 104.529724226
-48.1463906536 104.464014867
-48.116548605 104.398276054
-48.1313752643 104.337175149
-48.1460990745 104.275993172
-48.1161357362 104.210162925
-48.0861532004 104.144302993
-48.0561514461 104.078413316
-48.0706198063 104.017057065
-48.0405479766 103.951106404
-48.0104569131 103.885125819
-47.9803465942 103.819115248
-47.9502169983 103.753074629
-47.964379972 103.691512008
-47.97844081 103.62986805
-47.9481906685 103.563734411
-47.9620989204 103.501977597
-47.9317790166 103.435782104
-47.9014398455 103.369556205
-47.8710813844 103.303299837
-47.8407036104 103.237012937
-47.8543083855 103.175047961
-47.8238609493 103.108698627
-47.7933941777 103.042318575
-47.7629080473 102.97590774
-47.7762605289 102.913765404
-47.7457048271 102.847291669
-47.7589058656 102.785035553
-47.7282806807 102.718498695
-47.7413304952 102.656128644
-47.7106359133 102.589528437
-47.6799219432 102.52289701
-47.6927708258 102.460380512
-47.661987539 102.393685382
-47.6746857147 102.331054529
-47.6872831493 102.268341722
-47.6563808724 102.201550097
-47.6688279365 102.138722712
-47.6378565865 102.071866815
-47.6068658285 102.004979188
-47.5758556365 101.938059763
-47.5448259841 101.871108472
-47.5137768452 101.804125247
-47.4827081932 101.737110021
-47.4516200016 101.670062724
-47.4205122438 101.60298329
-47.4324624106 101.539810418
-47.4012855984 101.472665561
-47.3700891836 101.405488364
-47.3818405643 101.342166486
-47.3505751525 101.274923489
-47.3621774017 101.211485637
-47.3736799437 101.14796518
-47.3422963666 101.080622585
-47.3108931531 101.013247247
-47.2794702748 100.945839096
-47.2480277034 100.878398061
-47.2592339876 100.814660174
-47.2277225802 100.747152319
-47.2387804426 100.683297663
-47.2497390523 100.619360076
-47.2181098785 100.551751113
-47.1864609678 100.484108851
-47.1972225293 100.420020067
-47.1655049471 100.352310215
-47.1337675816 100.284566851
-47.1443324215 100.220326361
-47.1125264175 100.152515004
-47.0807005823 100.08466992
-47.0910690195 100.020277207
-47.1013387439 99.9558011268
-47.0693956039 99.8878529861
-47.0374325943 99.8198708326
-47.0475063831 99.7552418605
-47.0154748512 99.6871907681
-46.9834233973 99.619105443
-46.9513519897 99.5509858096
-46.9611815937 99.4861683586
-46.9709128946 99.4212671591
-46.9387244715 99.3530428435
-46.9483090786 99.2880226235
-46.9160522252 99.219728397
-46.8837753489 99.1513994189
-46.8931650447 99.0862245134
-46.8608197467 99.0178251944
-46.8284543675 98.9493908964
-46.8376494261 98.884060738
-46.8052156295 98.815555664
-46.8142645657 98.7501055307
-46.7817623792 98.6815293939
-46.7906653399 98.6159590482
-46.7580947888 98.5473115591
-46.725504041 98.4786285543
-46.7342130256 98.4129016275
-46.7015539072 98.3441468235
-46.6688745279 98.2753562684
-46.6773897837 98.2094721627
-46.6446420236 98.1406093564
-46.6530118268 98.0746040259
-46.6612843054 98.0085138448
-46.6284201879 97.9395418618
-46.5955357155 97.8705336541
-46.5626308518 97.8014891398
-46.5706622059 97.7352037501
-46.5376889729 97.66608592
-46.5046952783 97.5969315399
-46.5125337218 97.5304869387
-46.479471633 97.4612587729
-46.4871652318 97.3946916221
-46.4947619219 97.3280390233
-46.4615836316 97.2586993906
-46.4283847724 97.1893227174
-46.435789045 97.1225096586
-46.4025218054 97.0530582584
-46.3692339207 96.9835695667
-46.3764459715 96.9165953884
-46.383561385 96.849535321
-46.3501573832 96.7799335072
-46.3571285358 96.7127495143
-46.3236561478 96.6430720085
-46.2901629953 96.5733567049
-46.2969423682 96.5060102802
-46.2633807816 96.4362187864
-46.2297983485 96.3663892357
-46.2363861123 96.2988796888
-46.2428775635 96.2312836543
-46.2091790783 96.1613387846
-46.2155267199 96.0936175011
-46.1817597659 96.0235954402
-46.1479718332 95.9535347993
-46.1541282562 95.8856490154
-46.1202717928 95.8155106672
-46.1262846258 95.7474988641
-46.132201412 95.6794000147
-46.0982289462 95.6091443332
-46.1040022961 95.5409190103
-46.069961284 95.4705847636
-46.0358991038 95.4002112217
-46.0018157124 95.3297982923
-46.0073508996 95.2613668494
-45.9731988369 95.1908746394
-45.9785908032 95.1223157452
-45.9838869945 95.0536691307
-45.949618864 94.9830572271
-45.9547719698 94.9142826816
-45.9204351267 94.8435906063
-45.8860768658 94.7728584045
-45.8910396307 94.7039151873
-45.856612568 94.6331022618
-45.8614324106 94.5640302678
-45.8661566961 94.4948699241
-45.8316134958 94.4239351385
-45.7970487123 94.3529596576
-45.8015829106 94.2836290833
-45.7669492034 94.2125717646
-45.7322938091 94.1414734603
-45.7366379981 94.0719718448
-45.7019135762 94.0007911305
-45.7061151081 93.9311591648
-45.7102212998 93.8614380947
-45.6753805402 93.790132984
-45.6793441743 93.7202810328
-45.6444342957 93.6488925547
-45.6095024896 93.5774623042
-45.5745487076 93.5059901801
-45.5782753283 93.4359229129
-45.5819067565 93.3657659225
-45.5854430122 93.2955191234
-45.5503254385 93.2238781873
-45.5151857462 93.1521948729
-45.5185323972 93.0817731387
-45.5217839504 93.0112612295
-45.5249404237 92.9406590563
-45.5280018347 92.8699665291
-45.4926510784 92.7980694593
-45.4572780365 92.7261293931
-45.4218826577 92.654146225
-45.3864648907 92.5821198489
-45.3510246838 92.5100501585
-45.3155619852 92.437937047
-45.3182449873 92.3668941263
-45.2827124527 92.2946937937
-45.2852532376 92.2235159391
-45.287699111 92.1522467468
-45.2520493778 92.0799147659
-45.25435308 92.0085100302
-45.2186333454 91.9360897678
-45.1828908285 91.8636252227
-45.1471254754 91.7911162845
-45.149192395 91.71948662
-45.1511644856 91.6477649006
-45.1530417573 91.5759510243
-45.1171115052 91.5032633126
-45.0811582413 91.4305306542
-45.0828460467 91.3585344619
-45.0468223519 91.2857115482
-45.0107755108 91.2128433493
-45.0122737986 91.1406638507
-44.9761563509 91.0677047206
-44.9775124823 90.9953866689
-44.9787738675 90.922975487
-44.9425382985 90.8498791014
-44.9062793383 90.776736743
-44.9073511367 90.7041402382
-44.8710212652 90.6309055746
-44.8719508806 90.5581691602
-44.8355499909 90.4848417255
-44.8363374079 90.4119649395
-44.8370301146 90.3389941146
-44.8005105906 90.2655266394
-44.8010610852 90.1924147419
-44.7644702946 90.1188533138
-44.7278556818 90.0452447298
-44.7282163798 89.9719440077
-44.7284823761 89.8985485357
-44.6917487001 89.8247977566
-44.6918724037 89.7512597726
-44.6550671032 89.6774135867
-44.6550484806 89.6037326005
-44.6181714309 89.5297905148
-44.5812701923 89.455800292
-44.5810615185 89.3819275482
-44.5807581295 89.3079590662
-44.580360021 89.2338947186
-44.5432913595 89.1597106982
-44.5061982848 89.0854779111
-44.4690807333 89.0111962298
-44.431938641 88.9368655263
-44.4677137283 88.862485672
-44.4668881016 88.7879854942
-44.4659677154 88.7133885393
-44.5375177603 88.6382210199
-44.5023091732 88.7132227659
-44.6485921111 88.7869198382
-44.7222615524 88.8609937933
-44.7596373322 88.9353736848
-44.7969887724 89.009704423
-44.8343159374 89.0839861364
-44.8716188919 89.1582189531
-44.9088977 89.2324030006
-44.9461524257 89.3065384059
-44.9833831328 89.3806252955
-45.0205898846 89.4546637954
-45.0577727444 89.5286540313
-45.0949317752 89.602596128
-45.1320670398 89.6764902103
-45.1691786006 89.7503364021
-45.2062665199 89.8241348271
-45.2799273467 89.8974831167
-45.3169918167 89.9711863774
-45.3540328607 90.0448422386
-45.3910505399 90.1184508219
-45.4280449156 90.1920122486
-45.4650160488 90.2655266394
-45.5019639999 90.3389941146
-45.5388888297 90.4124147941
-45.5757905981 90.4857887972
-45.6126693653 90.5591162429
-45.6495251911 90.6323972496
-45.6863581349 90.7056319354
-45.7231682562 90.7788204179
-45.759955614 90.8519628141
-45.7967202671 90.9250592408
-45.8334622744 90.9981098143
-45.8701816941 91.0711146502
-45.9068785847 91.1440738641
-45.943553004 91.2169875708
-45.9802050099 91.2898558848
-46.0168346599 91.3626789202
-46.0534420116 91.4354567908
-46.0900271219 91.5081896096
-46.1265900479 91.5808774895
-46.1631308463 91.6535205428
-46.2368224447 91.7256688346
-46.2733435739 91.7982225529
-46.309842776 91.8707317786
-46.3463201071 91.9431966224
-46.3827756231 92.0156171947
-46.4192093793 92.0879936053
-46.4556214314 92.1603259638
-46.4920118343 92.2326143793
-46.5283806431 92.3048589604
-46.5647279127 92.3770598154
-46.6010536975 92.4492170524
-46.637358052 92.5213307787
-46.6736410303 92.5934011015
-46.7099026866 92.6654281275
-46.7836366413 92.7369142003
-46.8198806767 92.8088549211
-46.8561035833 92.8807526622
-46.8923054143 92.9526075287
-46.928486223 93.0244196255
-46.9646460622 93.096189057
-47.0384041354 93.1673705474
-47.074547249 93.2390549219
-47.1106695836 93.3106969413
-47.1467711915 93.3822967085
-47.1828521247 93.4538543261
-47.2189124352 93.5253698963
-47.2549521745 93.5968435209
-47.2909713944 93.6682753013
-47.3269701461 93.7396653388
-47.3629484807 93.8110137339
-47.4367535009 93.8817273274
-47.4727165378 93.9529926883
-47.5086593435 94.024216706
-47.5445819688 94.09539948
-47.5804844638 94.1665411092
-47.6163668789 94.2376416923
-47.6522292639 94.3087013274
-47.6880716689 94.3797201126
-47.7238941435 94.4506981454
-47.7596967371 94.5216355231
-47.7954794992 94.5925323426
-47.831242479 94.6633887004
-47.8669857254 94.7342046928
-47.9027092872 94.8049804156
-47.9384132133 94.8757159645
-48.0123046779 94.9457697949
-48.0479953663 95.0164252122
-48.0836665984 95.0870407392
-48.1193184223 95.1576164703
-48.1549508859 95.2281524993
-48.1905640371 95.2986489198
-48.2261579235 95.3691058251
-48.2617325925 95.4395233081
-48.2972880915 95.5099014615
-48.3328244676 95.5802403776
-48.4067850478 95.6498501939
-48.4423095512 95.7201108267
-48.4778151073 95.7903324963
-48.5133017629 95.8605152936
-48.5872936431 95.9299214063
-48.6227690056 96.0000266367
-48.6582256418 96.0700932652
-48.6936635978 96.1401213815
-48.7290829195 96.2101110752
-48.7644836527 96.2800624355
-48.7998658432 96.3499755512
-48.8352295363 96.4198505111
-48.8705747774 96.4896874035
-48.9446398741 96.5586998625
-48.9799750319 96.6284607728
-49.015291909 96.6981838777
-49.0505905501 96.7678692641
-49.085871 96.8375170191
-49.1211333032 96.9071272291
-49.1563775041 96.9766999804
-49.191603647 97.0462353591
-49.2268117762 97.1157334508
-49.2620019355 97.1851943409
-49.2971741688 97.2546181146
-49.3323285199 97.3240048568
-49.3674650324 97.3933546519
-49.4025837497 97.4626675843
-49.4767753549 97.5311078689
-49.5118858028 97.6003471935
-49.5469786221 97.6695499055
-49.5820538558 97.7387160879
-49.6171115469 97.8078458237
-49.6913541202 97.8760548426
-49.7264042255 97.9451117849
-49.7614369533 98.0141325264
-49.835712317 98.0821845229
-49.8707378955 98.1511329483
-49.9057462609 98.2200454163
-49.9407374554 98.2889220081
-49.9757115211 98.3577628045
-50.0106684997 98.4265678859
-50.045608433 98.4953373326
-50.0805313627 98.5640712247
-50.1548934626 98.631787806
-50.1898102847 98.7004506484
-50.2247102654 98.7690781732
-50.259593446 98.8376704593
-50.2944598675 98.9062275857
-50.3293095708 98.9747496306
-50.3641425969 99.0432366724
-50.3989589865 99.1116887889
-50.43375878 99.1801060581
-50.4685420181 99.2484885572
-50.5430195328 99.3158046899
-50.5777979357 99.384117678
-50.6125599428 99.4523961256
-50.6473055942 99.5206401092
-50.721833685 99.5877691931
-50.7565750495 99.6559442594
-50.7913002172 99.7240850882
-50.8260092279 99.7921917552
-50.9005893733 99.8591348845
-50.9352946439 99.9271732195
-50.9699839155 99.9951776163
-51.0046572275 100.063148149
-51.0393146192 100.131084893
-51.0739561297 100.198987922
-51.108581798 100.26685731
-51.143191663 100.33469313
-51.2178767169 100.40131595
-51.2524838589 100.469084598
-51.2870753539 100.536819897
-51.3216512406 100.604521918
-51.3562115574 100.672190736
-51.3907563428 100.739826421
-51.4252856349 100.807429047
-51.459799472 100.874998685
-51.494297892 100.942535407
-51.5691070831 101.008809171
-51.6036039075 101.076279991
-51.6380854694 101.143718107
-51.6725518066 101.211123589
-51.7474206159 101.277216976
-51.7818858975 101.344557102
-51.8163361083 101.411864803
-51.8912516104 101.477811398
-51.9257011889 101.545054142
-51.96013585 101.61226467
-51.994555631 101.679443049
-52.028960569 101.74658935
-52.0633507009 101.813703641
-52.0977260638 101.880785991
-52.1320866944 101.947836469
-52.2071238894 102.013475391
-52.2414848893 102.080461983
-52.2758313091 102.147416904
-52.3101631854 102.214340222
-52.3444805545 102.281232005
-52.419598256 102.346662363
-52.4947358258 102.41201211
-52.5290698218 102.478808941
-52.6042430712 102.544046435
-52.6385785868 102.610780391
-52.6728999409 102.677483205
-52.7072071695 102.744154945
-52.7415003086 102.810795675
-52.7757793941 102.877405462
-52.810044462 102.94398437
-52.8853345186 103.008952987
-52.9196019877 103.075469909
-52.9538555896 103.141956147
-52.9469652694 103.209992523
-52.9811607829 103.276418015
-53.0153424918 103.342813017
-53.0495104314 103.409177594
-53.1249168324 103.473929311
-53.1590879749 103.540232788
-53.1932454974 103.606506029
-53.2273894349 103.672749097
-53.2615198223 103.738962054
-53.2956366944 103.805144965
-53.3711508689 103.869663959
-53.4052717075 103.935786497
-53.4393791796 104.001879174
-53.5149509427 104.066257907
-53.5490628025 104.132290561
-53.5831614443 104.198293537
-53.6587916614 104.262532438
-53.6928951123 104.328475736
-53.7269854937 104.394389539
-53.76106284 104.460273908
-53.7951271854 104.526128904
-53.8291785641 104.591954588
-53.8632170102 104.657751021
-53.8972425577 104.723518263
-53.9312552405 104.789256375
-54.0070555705 104.853177317
-54.0410741675 104.918856803
-54.0750800475 104.984507336
-54.1090732443 105.050128976
-54.1430537915 105.115721782
-54.1770217227 105.181285813
-54.2529411844 105.24498066
-54.2869157933 105.310486745
-54.3628793292 105.374073515
-54.3968609248 105.439521863
-54.4308301655 105.504941725
-54.4647870846 105.57033316
-54.4987317154 105.635696225
-54.5747989224 105.699088094
-54.608751191 105.764393971
-54.6426913185 105.82967165
-54.6766193379 105.894921187
-54.7105352824 105.960142642
-54.744439185 106.02533607
-54.7783310788 106.090501528
-54.8122109965 106.155639074
-54.8884454165 106.218751518
-54.9223339653 106.283832747
-54.9562106848 106.348886231
-54.9900756076 106.413912025
-55.0663987035 106.476860918
-55.1002727967 106.541830813
-55.1766437441 106.604673144
-55.2105273196 106.669587335
-55.2443993593 106.734474109
-55.2782598955 106.799333522
-55.3547218432 106.862013272
-55.3885924029 106.926817389
-55.422451606 106.991594307
-55.456299485 107.056344081
-55.4901360723 107.121066765
-55.5239614004 107.185762413
-55.5577755014 107.250431081
-55.5915784077 107.315072822
-55.6682208052 107.377479742
-55.7020347345 107.44206701
-55.7358376157 107.506627509
-55.7696294808 107.571161293
-55.8463673992 107.633407668
-55.8801708316 107.697887372
-55.9569602266 107.760028453
-55.9907755421 107.824454258
-56.024580103 107.888853606
-56.0583739414 107.953226552
-56.0921570893 108.017573147
-56.169067482 108.079527394
-56.2028631747 108.143820575
-56.2366483238 108.208087559
-56.2704229614 108.272328398
-56.3041871192 108.336543143
-56.3379408291 108.400731846
-56.3716841228 108.464894558
-56.4487652826 108.526609226
-56.4825220155 108.590719202
-56.5162684793 108.654803337
-56.5500047057 108.718861683
-56.6271883363 108.780418546
-56.6609385527 108.844424524
-56.7381773372 108.905877212
-56.7719418645 108.969830992
-56.8056964177 109.033759228
-56.8394410284 109.097661972
-56.8731757283 109.161539272
-56.9505441539 109.222808545
-56.9842938348 109.286634104
-57.0180337528 109.350434366
-57.0517639394 109.41420938
-57.0854844261 109.477959196
-57.1191952445 109.541683863
-57.1528964258 109.60538343
-57.2304476388 109.666417955
-57.2641647076 109.730066419
-57.2978722876 109.793689926
-57.3755072576 109.854595072
-57.4092311673 109.918167729
-57.4429457369 109.981715571
-57.5206653866 110.04249158
-57.5543967295 110.105988823
-57.5881188812 110.169461392
-57.621831873 110.232909333
-57.6555357364 110.296332695
-57.7333938344 110.3569284
-57.7671151522 110.420301593
-57.8008274909 110.483650346
-57.834530882 110.546974706
-57.8682253567 110.610274719
-57.9019109463 110.673550433
-57.9355876821 110.736801895
-58.0136408293 110.797167273
-58.047335941 110.860369168
-58.1254509371 110.920632023
-58.1591647565 110.983784501
-58.2373420274 111.043944884
-58.2710748868 111.107048091
-58.3047992808 111.170127359
-58.3385152407 111.233182732
-58.372222798 111.296214258
-58.4059219839 111.35922198
-58.4842738424 111.41917945
-58.5179928814 111.482138397
-58.5517037005 111.545073673
-58.585406331 111.607985323
-58.6191008043 111.670873394
-58.6527871517 111.733737929
-58.7313171683 111.793493639
-58.765024187 111.856309883
-58.843619488 111.915963698
-58.8773475162 111.97873179
-58.9110676919 112.04147656
-58.9447800464 112.104198054
-59.0234995574 112.163700662
-59.0572335042 112.226374308
-59.090959783 112.289024806
-59.1246784254 112.351652199
-59.1583894627 112.41425653
-59.1920929265 112.476837843
-59.2709979753 112.536140708
-59.304723862 112.598674639
-59.3384423292 112.661185679
-59.3721534084 112.723673869
-59.4058571311 112.786139254
-59.4849209175 112.845267664
-59.5186477766 112.907686042
-59.5977805709 112.966713127
-59.6315309127 113.029084627
-59.6652741767 113.091433525
-59.744507327 113.150335154
-59.7782745454 113.212637382
-59.8120348421 113.274917129
-59.8457882488 113.33717444
-59.8795347972 113.399409355
-59.9132745192 113.461621916
-59.9927032425 113.520326257
-60.0264677682 113.582492588
-60.0602256245 113.644636686
-60.0939768433 113.706758592
-60.1277214563 113.768858347
-60.2073173954 113.827390118
-60.2410875423 113.889443997
-60.3207560675 113.947874852
-60.3545521029 114.009882974
-60.3883418175 114.071869141
-60.4221252431 114.133833393
-60.5019320285 114.192116002
-60.5357419534 114.254034767
-60.569545749 114.315931734
-60.6033434476 114.377806943
-60.6371350812 114.439660435
-60.6709206821 114.501492249
-60.7509339329 114.559579942
-60.7847469045 114.621366684
-60.8185540041 114.683131863
-60.8523552641 114.74487552
-60.9325111412 114.802815773
-60.966340392 114.864514617
-61.0465725123 114.922354257
-61.0804301178 114.984008399
-61.1142821757 115.045641204
-61.1946252635 115.103356963
-61.2285061719 115.164945246
-61.2623816961 115.226512305
-61.2962518688 115.288058177
-61.3301167227 115.349582902
-61.3639762907 115.411086518
-61.4445357723 115.468609114
-61.4784250846 115.530068602
-61.5123092758 115.591507091
-61.5929827967 115.648906175
-61.6268972357 115.71030071
-61.7076502619 115.767599318
-61.7415953217 115.828950001
-61.7755355595 115.890279863
-61.8094710087 115.951588943
-61.8434017025 116.012877279
-61.9243424515 116.070006687
-61.9583045431 116.131251478
-61.9922620472 116.192475632
-62.0262149973 116.253679185
-62.060163427 116.314862175
-62.1412947306 116.371822813
-62.1752753419 116.432962561
-62.2564890072 116.489822813
-62.2905021811 116.550919415
-62.3245111404 116.611995626
-62.4058447989 116.668732795
-62.4398868403 116.72976602
-62.4739248382 116.790778959
-62.5079588269 116.851771647
-62.5894511625 116.908363199
-62.6235188942 116.969313126
-62.6575827891 117.030242904
-62.6916428817 117.091152571
-62.7256992062 117.152042161
-62.7597517969 117.212911712
-62.8414811548 117.269312921
-62.8755684339 117.330140061
-62.9573837948 117.386440891
-62.9915061541 117.447225708
-63.0256250947 117.507990649
-63.1075658323 117.564168687
-63.1417203878 117.624891453
-63.1758717013 117.685594444
-63.2100198077 117.746277694
-63.2441647422 117.806941238
-63.3263107807 117.862951955
-63.3604921538 117.923573598
-63.3946705331 117.984175632
-63.4769448743 118.040063678
-63.5592683424 118.095873421
-63.6416410196 118.15160479
-63.6759367085 118.212120665
-63.7102298015 118.272617083
-63.7445203346 118.333094079
-63.7788083438 118.393551686
-63.8130938654 118.453989938
-63.8473769354 118.514408871
-63.8816575901 118.574808518
-63.96436458 118.630306492
-63.9986840149 118.690664855
-64.0330012181 118.751004027
-64.067316226 118.81132404
-64.1016290751 118.871624928
-64.1359398021 118.931906725
-64.2189048869 118.987216151
-64.2532553989 119.047456976
-64.3363137728 119.102665746
-64.3707044853 119.162865669
-64.4050934116 119.223046652
-64.4882879797 119.278132796
-64.5227176746 119.338273005
-64.5571457716 119.398394364
-64.5915723082 119.458496906
-64.625997322 119.518580664
-64.6604208504 119.57864567
-64.743881813 119.633543731
-64.7783471399 119.693568259
-64.8128111722 119.753574124
-64.8472739479 119.81356136
-64.93091821 119.868315091
-64.9654235179 119.928262025
-65.0491649827 119.982914831
-65.0837132516 120.042821526
-65.1675524317 120.097373316
-65.2021440923 120.157239833
-65.236735001 120.217087918
-65.2713251967 120.276917604
-65.3059147183 120.336728922
-65.3405036047 120.396521904
-65.4246200316 120.450885972
-65.459253374 120.510639052
-65.493886279 120.570373882
-65.528518786 120.630090491
-65.6128258532 120.684310203
-65.6475035741 120.743987075
-65.7319115798 120.798105497
-65.766634957 120.857742686
-65.801358297 120.917361791
-65.83608164 120.976962845
-65.9206835053 121.0309368
-65.9554532736 121.090498328
-65.990223248 121.150041886
-66.024993469 121.209567506
-66.0597639772 121.269075218
-66.0945348134 121.328565051
-66.1794266456 121.382351607
-66.214245013 121.44180217
-66.2992410789 121.495487102
-66.334107432 121.554898444
-66.4192082648 121.608481636
-66.4541230603 121.667853803
-66.4890387233 121.727208273
-66.5239552955 121.786545076
-66.6092576237 121.839983562
-66.6442234342 121.899281334
-66.679190365 121.958561518
-66.7141584583 122.017824143
-66.7491277568 122.077069239
-66.7840983029 122.136296834
-66.8697021462 122.189547845
-66.9047230763 122.248736647
-66.9397454681 122.307908026
-67.0255068506 122.361035559
-67.0605802689 122.420168232
-67.1464506427 122.473193477
-67.1815755604 122.532287483
-67.2167023301 122.591364189
-67.2518309957 122.650423625
-67.337911285 122.703303803
-67.3730922764 122.762324701
-67.4082753837 122.821328403
-67.4434606514 122.880314938
-67.4786481241 122.939284333
-67.5138378463 122.998236618
-67.5490298629 123.05717182
-67.635475624 123.109843055
-67.6707213363 123.168739981
-67.7059695669 123.227619898
-67.792579771 123.280167113
-67.827882366 123.33900883
-67.9146062168 123.391453095
-67.9499636677 123.450256642
-67.9853240451 123.509043296
-68.0206873953 123.567813083
-68.0560537644 123.626566032
-68.1430495062 123.6788435
-68.1784717766 123.737558437
-68.2138972969 123.796256606
-68.2493261141 123.854938034
-68.2847582754 123.913602749
-68.3201938277 123.972250777
-68.407518724 124.024340157
-68.4430114237 124.082950367
-68.5304538749 124.134936209
-68.5660042297 124.193508624
-68.6015583992 124.252064463
-68.6371164318 124.310603752
-68.7247858557 124.36244351
-68.7604024346 124.420945106
-68.7960231159 124.479430221
-68.8316479485 124.537898879
-68.8672769816 124.596351108
-68.9552310659 124.648023419
-68.9909197393 124.706438094
-69.0266128562 124.764836406
-69.0623104661 124.823218379
-69.0980126191 124.881584041
-69.1862552084 124.933088716
-69.2220181108 124.991416957
-69.3103831877 125.042817227
-69.3462073685 125.10110806
-69.3820365367 125.159382686
-69.4178707436 125.217641128
-69.5064726915 125.268894448
-69.5423691077 125.32711557
-69.578270814 125.385320572
-69.6141778623 125.44350948
-69.6500903047 125.501682318
-69.6860081932 125.559839111
-69.7749652074 125.610902912
-69.8109466526 125.669022542
-69.8469338 125.727126189
-69.8829267025 125.785213879
-69.9189254132 125.843285635
-70.0081843794 125.894180812
-70.0442478099 125.952215518
-70.0803173087 126.010234352
-70.1697634084 126.061002931
-70.2058983884 126.118984753
-70.2420396994 126.176950762
-70.3316743909 126.227592488
-70.367881951 126.285521521
-70.4040961077 126.343434799
-70.440316916 126.401332346
-70.4765444316 126.459214187
-70.5127787097 126.517080346
-70.6027850489 126.567531347
-70.6390869915 126.625360663
-70.6753959672 126.683174353
-70.7117120325 126.740972442
-70.7480352438 126.798754953
-70.8383575431 126.84903607
-70.8747496407 126.906781832
-70.9652055092 126.956956372
-71.001667072 127.014665378
-71.0381362753 127.072358894
-71.0746131774 127.130036942
-71.1110978365 127.187699547
-71.2018756098 127.237703492
-71.2384309817 127.295329426
-71.274994392 127.352939969
-71.3115659001 127.410535145
-71.3481455651 127.468114976
-71.3847334466 127.525679486
-71.4213296042 127.583228698
-71.5125612772 127.63301911
-71.549229868 127.690531789
-71.5859070228 127.74802922
-71.6225928023 127.805511428
-71.6592872671 127.862978433
-71.6959904783 127.920430259
-71.7876194526 127.970027914
-71.8243966213 128.027443307
-71.8611828299 128.084843571
-71.9530178842 128.13431189
-71.989878896 128.191675729
-72.0267492444 128.249024489
-72.0636289924 128.306358192
-72.100518203 128.36367686
-72.1374169394 128.420980513
-72.2296589521 128.470255095
-72.2666340586 128.527522411
-72.3036189936 128.584774761
-72.3406138215 128.642012168
-72.3776186067 128.699234651
-72.414633414 128.756442234
-72.4516583083 128.813634936
-72.5443817136 128.862693826
-72.5814848178 128.919850295
-72.6185983187 128.976991929
-72.6557222824 129.034118751
-72.7487291704 129.083025517
-72.7859324777 129.140116125
-72.823146562 129.197191966
-72.9163705256 129.245967612
-72.9536648507 129.303007232
-72.9909702706 129.360032128
-73.0282868535 129.417042322
-73.0656146677 129.474037835
-73.1029537817 129.531018686
-73.1403042644 129.587984896
-73.2340280098 129.636542939
-73.2714606567 129.693473007
-73.3089049977 129.750388477
-73.3463611027 129.807289369
-73.3838290421 129.864175702
-73.4213088861 129.921047497
-73.515469957 129.969408694
-73.5530336701 130.026244396
-73.5906096202 130.083065599
-73.6281978789 130.139872326
-73.7226577506 130.188079188
-73.7603310845 130.24484982
-73.7980170644 130.301606014
-73.8927055745 130.349679701
-73.9304775828 130.406399775
-73.9682625784 130.46310545
-74.0060606352 130.519796745
-74.0438718277 130.57647368
-74.0816962304 130.633136272
-74.1195339181 130.689784542
-74.1573849658 130.746418508
-74.1952494489 130.803038189
-74.2906148811 130.850847662
-74.328567995 130.907431306
-74.3665348961 130.964000701
-74.4045156613 131.020555866
-74.4425103674 131.07709682
-74.4805190918 131.133623581
-74.5185419118 131.190136168
-74.5565789051 131.246634598
-74.5946301499 131.303118891
-74.6906890812 131.350662825
-74.7288316366 131.407111144
-74.7669888066 131.46354536
-74.8632893226 131.510953936
-74.9015388208 131.567352134
-74.9398033012 131.623736262
-74.9780828445 131.680106337
-75.0747050762 131.727357071
-75.1130782665 131.783691097
-75.1514668931 131.840011102
-75.1898710381 131.896317104
-75.2282907841 131.952609121
-75.2667262137 132.008887169
-75.3051774102 132.065151266
-75.3436444568 132.121401429
-75.3821274372 132.177637676
-75.4206264355 132.233860023
-75.5180532886 132.280819598
-75.5566490648 132.337005936
-75.5952612456 132.393178403
-75.6338899167 132.449337017
-75.672535164 132.505481795
-75.7111970736 132.561612752
-75.749875732 132.617729906
-75.8478819058 132.664463098
-75.8866596471 132.720544228
-75.9848403449 132.767161372
-76.0237179554 132.823206402
-76.0626130245 132.879237666
-76.161052219 132.925715999
-76.2000482635 132.981711094
-76.2390621723 133.037692448
-76.2780940359 133.093660078
-76.3171439456 133.149613999
-76.3562119925 133.205554226
-76.3952982683 133.261480777
-76.4344028651 133.317393666
-76.4735258752 133.373292908
-76.5126673913 133.42917852
-76.5518275065 133.485050517
-76.5910063142 133.540908915
-76.630203908 133.596753728
-76.6694203822 133.652584972
-76.7086558311 133.708402662
-76.7479103497 133.764206813
-76.787184033 133.819997441
-76.8264769766 133.875774561
-76.8657892765 133.931538187
-76.9051210288 133.987288334
-76.9444723303 134.043025018
-76.9838432778 134.098748252
-77.0841814598 134.144658027
-77.1236607738 134.200345148
-77.1631601733 134.256018839
-77.2026797571 134.311679115
-77.2422196247 134.367325991
-77.2817798757 134.422959481
-77.3213606103 134.478579599
-77.360961929 134.534186359
-77.4005839327 134.589779775
-77.4402267228 134.645359862
-77.4798904009 134.700926634
-77.519575069 134.756480105
-77.6210030888 134.802042467
-77.6608004838 134.857559758
-77.7006193287 134.913063764
-77.7404597277 134.968554499
-77.8422657061 135.013950298
-77.8822204455 135.06940475
-77.9221972064 135.124845945
-77.9621960952 135.180273896
-78.0022172188 135.235688616
-78.0422606843 135.291090119
-78.0823265994 135.346478417
-78.122415072 135.401853523
-78.1625262108 135.457215452
-78.2651855115 135.502327855
-78.3054144836 135.557653388
-78.3456666062 135.612965755
-78.3859419901 135.668264968
-78.4262407463 135.723551039
-78.4665629868 135.778823981
-78.5069088234 135.834083806
-78.5472783688 135.889330527
-78.5876717362 135.944564156
-78.6280890389 135.999784705
-78.6685303909 136.054992187
-78.7089959067 136.110186614
-78.7494857012 136.165367997
-78.7899998899 136.220536349
-78.8305385885 136.275691681
-78.8711019135 136.330834006
-78.9116899816 136.385963335
-78.9523029103 136.44107968
-78.9929408173 136.496183053
-79.0336038209 136.551273465
-79.07429204 136.606350928
-79.1150055938 136.661415452
-79.1557446022 136.716467051
-79.1965091856 136.771505734
-79.3015353214 136.815978527
-79.3424273327 136.870980601
-79.3833454509 136.925969763
-79.4242897988 136.980946026
-79.4652604999 137.0359094
-79.5062576782 137.090859895
-79.5472814581 137.145797523
-79.5883319647 137.200722293
-79.6294093234 137.255634218
-79.6705136605 137.310533306
-79.7116451026 137.36541957
-79.7528037768 137.420293018
-79.7939898109 137.475153661
-79.8352033332 137.53000151
-79.9416904878 137.574061498
-79.9830375319 137.62887249
-80.0244126273 137.683670688
-80.0658159052 137.7384561
-80.0416877965 137.804049194
-80.0830689733 137.858820488
-80.1244785521 137.913579057
-80.2317134834 137.957470092
-80.2732596601 138.012191723
-80.314834818 138.066900627
-80.3564390923 138.121596813
-80.464118015 138.165310533
-80.5058608784 138.219969599
-80.5476334478 138.274615942
-80.5894358614 138.329249571
-80.631268258 138.383870495
-80.673130777 138.438478722
-80.7150235585 138.493074262
-80.756946743 138.547657122
-80.798900472 138.602227313
-80.8408848872 138.656784841
-80.8829001313 138.711329716
-80.9249463475 138.765861945
-80.9670236795 138.820381538
-81.009132272 138.874888502
-81.0512722701 138.929382845
-81.0934438196 138.983864575
-81.1356470669 139.038333701
-81.1778821592 139.09279023
-81.2201492444 139.14723417
-81.2624484708 139.201665528
-81.3047799877 139.256084313
-81.3471439449 139.310490532
-81.3895404929 139.364884192
-81.431969783 139.419265301
-81.4744319672 139.473633866
-81.5169271979 139.527989894
-81.5594556286 139.582333393
-81.6020174133 139.636664369
-81.6446127067 139.69098283
-81.6872416644 139.745288782
-81.7299044425 139.799582233
-81.7726011979 139.853863188
-81.8153320884 139.908131655
-81.8580972722 139.962387641
-81.9008969085 140.016631151
-81.9437311573 140.070862192
-81.9866001791 140.125080771
-82.0295041354 140.179286893
-82.0724431882 140.233480566
-82.1846428615 140.276138957
-82.2277398414 140.330294616
-82.270872613 140.384437805
-82.3140413424 140.438568531
-82.3572461961 140.492686798
-82.4004873417 140.546792613
-82.4437649474 140.600885982
-82.4870791824 140.654966908
-82.5304302166 140.709035398
-82.5738182207 140.763091456
-82.6172433662 140.817135088
-82.6607058255 140.871166299
-82.7042057717 140.925185094
-82.747743379 140.979191477
-82.7913188221 141.033185454
-82.8349322769 141.087167028
-82.8785839197 141.141136205
-82.9222739282 141.195092988
-82.9660024805 141.249037383
-83.0097697557 141.302969393
-83.053575934 141.356889023
-83.0974211963 141.410796276
-83.1413057242 141.464691157
-83.1852297005 141.51857367
-83.1578163535 141.584292388
-83.2017274436 141.638164241
-83.2456783145 141.692023776
-83.2896691517 141.745870999
-83.3337001418 141.799705913
-83.377771472 141.853528521
-83.4218833308 141.907338827
-83.4660359073 141.961136833
-83.5102293919 142.014922543
-83.5544639756 142.068695961
-83.5987398506 142.122457089
-83.6430572099 142.17620593
-83.6874162475 142.229942487
-83.7318171585 142.283666762
-83.7762601389 142.337378759
-83.8207453855 142.391078479
-83.8652730964 142.444765926
-83.9098434705 142.4984411
-83.9544567078 142.552104006
-83.9991130092 142.605754644
-84.0438125768 142.659393018
-84.0885556136 142.713019127
-84.1333423236 142.766632976
-84.178172912 142.820234564
-84.2230475848 142.873823894
-84.2679665492 142.927400968
-84.3129300136 142.980965786
-84.3579381872 143.03451835
-84.4029912804 143.088058661
-84.4480895046 143.141586721
-84.4932330726 143.195102529
-84.5384221979 143.248606088
-84.5836570952 143.302097397
-84.6289379805 143.355576458
-84.6742650708 143.40904327
-84.7196385842 143.462497835
-84.7650587399 143.515940152
-84.8105257583 143.569370223
-84.856039861 143.622788046
-84.9016012707 143.676193622
-84.9472102112 143.729586951
-84.9928669076 143.782968033
-85.0385715861 143.836336866
-85.0086751624 143.902108919
-85.0543736716 143.955469133
-85.1001205917 144.008817145
-85.145916153 144.062152954
-85.1156047297 144.127878775
-85.1613941406 144.18120616
-85.2072326284 144.234521388
-85.3295894551 144.275374151
-85.2990577731 144.341115371
-85.3450449019 144.394394123
-85.3910820519 144.447660714
-85.4371694622 144.500915143
-85.4833073735 144.554157408
-85.5294960274 144.607387507
-85.575735667 144.66060544
-85.6220265368 144.713811203
-85.6683688824 144.767004795
-85.7147629509 144.820186214
-85.7612089906 144.873355457
-85.8077072514 144.926512523
-85.8542579843 144.979657409
-85.9008614417 145.032790112
-85.9475178774 145.085910629
-85.9942275468 145.139018958
-86.0409907063 145.192115095
-86.087807614 145.245199038
-86.1346785293 145.298270784
-86.1028847893 145.364033543
-86.1497538048 145.417097935
-86.1966773295 145.470150173
-86.2436556276 145.523190251
-86.2906889648 145.576218166
-86.3377776082 145.629233916
-86.3849218263 145.682237494
-86.4321218892 145.735228899
-86.4793780687 145.788208124
-86.5266906376 145.841175167
-86.5740598708 145.894130022
-86.6214860444 145.947072685
-86.668969436 146.000003151
-86.7165103249 146.052921415
-86.7641089921 146.105827472
-86.8117657199 146.158721318
-86.8594807923 146.211602946
-86.907254495 146.264472351
-86.9550871151 146.317329527
-87.0029789416 146.37017447
-87.0509302649 146.423007172
-87.0989413772 146.475827628
-87.1470125722 146.528635832
-87.1951441455 146.581431777
-87.2433363942 146.634215457
-87.2915896171 146.686986866
-87.3399041149 146.739745995
-87.3882801899 146.792492839
-87.4367181459 146.845227391
-87.4030598571 146.911087625
-87.4515027398 146.963816148
-87.5000081085 147.016532416
-87.5485762731 147.069236421
-87.5972075454 147.121928155
-87.6459022389 147.174607611
-87.694660669 147.227274781
-87.743483153 147.279929656
-87.7923700099 147.332572229
-87.8413215606 147.385202491
-87.890338128 147.437820434
-87.8558131696 147.503688451
-87.9048370481 147.556300872
-87.9539265905 147.608901008
-88.003082126 147.661488852
-88.0523039858 147.714064393
-88.0172487195 147.779902497
-88.0664784618 147.832472758
-88.1157751931 147.885030751
-88.1651392511 147.937576467
-88.2145709759 147.990109896
-88.2640707092 148.042631028
-88.313638795 148.095139854
-88.3632755794 148.147636363
-88.4129814105 148.200120545
-88.4627566384 148.252592389
-88.5126016154 148.305051885
-88.5625166959 148.357499021
-88.6125022364 148.409933787
-88.6625585957 148.46235617
-88.7126861345 148.514766161
-88.7628852158 148.567163747
-88.813156205 148.619548915
-88.8634994694 148.671921655
-88.8271324257 148.737829156
-88.8774888226 148.790197424
-88.9279182444 148.842553294
-88.9784210663 148.894896754
-89.0289976658 148.947227791
-89.0796484226 148.999546392
-89.1303737188 149.051852544
-89.1811739389 149.104146234
-89.2320494696 149.156427449
-89.2830007003 149.208696175
-89.3340280225 149.260952397
-89.3851318302 149.313196103
-89.4363125199 149.365427278
-89.4875704906 149.417645906
-89.5389061437 149.469851975
-89.5903198831 149.522045468
-89.6418121153 149.574226371
-89.6933832492 149.626394669
-89.7450336964 149.678550346
-89.7967638711 149.730693386
-89.8485741898 149.782823773
-89.9004650721 149.834941492
-89.9524369398 149.887046526
-89.9144315596 149.953084952
-89.9664248831 150.005186519
-90.0185000733 150.057275427
-89.9800386988 150.123274744
-90.0321354151 150.175360343
-90.084314892 150.227433307
-90.1365775673 150.279493619
-90.0975932794 150.345463365
-90.1498780155 150.397520567
-90.2022468639 150.449565142
-90.2547002723 150.501597071
-90.3072386917 150.553616337
-90.3598625756 150.60562292
-90.4125723807 150.657616804
-90.37287097 150.723586784
-90.4256048456 150.775577884
-90.4784255985 150.827556307
-90.5313336955 150.879522034
-90.5843296067 150.931475045
-90.6374138051 150.983415321
-90.690586767 151.035342843
-90.7438489717 151.08725759
-90.7972009016 151.139159542
-90.8506430424 151.191048679
-90.9041758828 151.242924979
-90.957799915 151.294788423
-91.0115156343 151.346638988
-90.9707074594 151.412674112
-91.0244525798 151.464522465
-91.0782904364 151.516357959
-91.1322215361 151.568180571
-91.1862463891 151.619990281
-91.2403655091 151.671787064
-91.1988751655 151.737817962
-91.2530255358 151.789612817
-91.3072712642 151.841394763
-91.3616128764 151.893163778
-91.3195580416 151.9591694
-91.3739316662 152.010936689
-91.4284022919 152.062691064
-91.482970457 152.114432501
-91.5376367036 152.166160977
-91.5924015773 152.217876466
-91.6472656276 152.269578945
-91.7022294077 152.321268389
-91.7572934746 152.372944771
-91.8124583891 152.424608068
-91.8677247158 152.476258252
-91.9230930234 152.527895298
-91.8799450623 152.593969365
-91.9353511406 152.645605208
-91.9908604206 152.697227927
-92.0464734849 152.748837493
-92.10219092 152.800433881
-92.1580133163 152.852017062
-92.2139412688 152.90358701
-92.2699753762 152.955143695
-92.3261162415 153.006687089
-92.3823644721 153.058217164
-92.3382357013 153.124342545
-92.3945267128 153.175871856
-92.4509264045 153.227387857
-92.507435399 153.278890519
-92.462704716 153.344994875
-92.519257547 153.396496978
-92.5759210293 153.44798575
-92.6326958012 153.499461161
-92.58735433 153.565544918
-92.6441740241 153.617019976
-92.7011063911 153.668481681
-92.7581520857 153.719930002
-92.815311767 153.771364907
-92.872586099 153.822786364
-92.9299757506 153.874194341
-92.9874813952 153.925588805
-93.0451037114 153.976969724
-93.1028433826 154.028337064
-93.0564758476 154.094481329
-93.1142662312 154.145848751
-93.1721754638 154.197202598
-93.2302042467 154.248542836
-93.2883532862 154.299869429
-93.3466232939 154.351182344
-93.4050149866 154.402481543
-93.4635290863 154.453766993
-93.5221663203 154.505038656
-93.4748237552 154.571234996
-93.5335171972 154.622507135
-93.5923353757 154.673765487
-93.5444122639 154.739930704
-93.6032871956 154.791189703
-93.6622884951 154.842434915
-93.7214169236 154.893666302
-93.7806732481 154.944883825
-93.7320221462 155.011047332
-93.791337583 155.062265749
-93.850782607 155.113470301
-93.9103580059 155.164660947
-93.9700645734 155.215837649
-94.0299031092 155.267000367
-94.0898744191 155.318149059
-94.1499793149 155.369283685
-94.2102186148 155.420404203
-94.2705931431 155.471510571
-94.2208515894 155.537749811
-94.2812925654 155.588857498
-94.3418706046 155.639951028
-94.4025865541 155.691030357
-94.4634412678 155.742095443
-94.5244356062 155.793146241
-94.5855704362 155.844182707
-94.5349317834 155.910455826
-94.5961379307 155.961493925
-94.6574865092 156.01251768
-94.6062193722 156.078762231
-94.667640069 156.129787797
-94.7292051747 156.180799009
-94.7909155995 156.231795819
-94.7389385798 156.298028246
-94.8007230406 156.34902708
-94.8626548562 156.4000115
-94.9247349628 156.450981458
-94.9869643039 156.501936905
-95.0493438306 156.552877793
-95.1118745017 156.603804073
-95.1745572834 156.654715694
-95.23739315 156.705612607
-95.3003830833 156.75649476
-95.2472485557 156.822817321
-95.31032161 156.873701911
-95.3735509492 156.924571721
-95.436937584 156.9754267
-95.5004825336 157.026266795
-95.446535914 157.092597518
-95.5101675211 157.143440296
-95.4556166772 157.209726926
-95.5193347326 157.260572539
-95.5832147029 157.311403277
-95.6472576517 157.362219086
-95.7114646513 157.41301991
-95.7758367831 157.463805694
-95.8403751372 157.51457638
-95.7848366767 157.580908839
-95.8494679165 157.631682672
-95.9142678559 157.68244138
-95.9792376183 157.733184907
-96.0443783366 157.783913193
-96.1096911533 157.834626178
-96.1751772204 157.885323804
-96.118634574 157.951705275
-96.1842204516 158.002406354
-96.2499822119 158.053092041
-96.3159210428 158.103762275
-96.2585834973 158.170138194
-96.3246249855 158.2208121
-96.3908462617 158.271470519
-96.3327772246 158.337822086
-96.399102559 158.388484368
-96.4656104592 158.439131127
-96.5323021785 158.4897623
-96.5991789811 158.540377821
-96.6662421423 158.590977623
-96.607196121 158.65736412
-96.6743695819 158.707968063
-96.7417323295 158.758556249
-96.8092856799 158.809128609
-96.8770309609 158.859685075
-96.9449695119 158.910225577
-97.0131026841 158.960750045
-96.9529848972 159.027194249
-97.0212367621 159.07772316
-97.0896863695 159.128235992
-97.0287918021 159.194657713
-97.0973618481 159.245175184
-97.0357584329 159.311553571
-97.1044488797 159.362075852
-97.1733420821 159.412582034
-97.2424394906 159.463072041
-97.3117425687 159.513545799
-97.3812527934 159.564003233
-97.4509716549 159.614444265
-97.3882417343 159.680885436
-97.4580903521 159.73133158
-97.5281510624 159.781761269
-97.5984254059 159.832174425
-97.6689149375 159.882570966
-97.7396212264 159.932950813
-97.6758268818 159.999436366
-97.746670987 160.049821598
-97.8177355051 160.100190076
-97.8890220595 160.150541717
-97.8243072527 160.217029093
-97.8957359274 160.267386344
-97.830250538 160.333830788
-97.9018214405 160.384193833
-97.9736203415 160.434540002
-98.0456489478 160.484869206
-98.1179089823 160.53518136
-98.1904021843 160.585476374
-98.1237955445 160.65196963
-98.1964400265 160.702270711
-98.2693217454 160.752554584
-98.3424425026 160.802821157
-98.4158041166 160.853070337
-98.3481404705 160.919591368
-98.4216606431 160.969846866
-98.4954259414 161.020084896
-98.4268564479 161.08658711
-98.5007829907 161.136831669
-98.4313796804 161.203290909
-98.505467691 161.25354219
-98.579807736 161.303775948
-98.6544017825 161.353992085
-98.7292518172 161.404190502
-98.8043598462 161.454371099
-98.8797278956 161.504533775
-98.8090326129 161.571073068
-98.8845754665 161.621242755
-98.9603831191 161.671394435
-99.0364576729 161.721528003
-98.9647129121 161.78807505
-99.0409681795 161.838215863
-98.9683344055 161.904720098
-99.0447707643 161.954868361
-99.1214818729 162.004998439
-99.1984699518 162.05511022
-99.1247475446 162.121623069
-99.2019229434 162.17174254
-99.279380557 162.22184362
-99.3571226917 162.271926197
-99.4351516779 162.321990158
-99.3602260554 162.388539052
-99.4384520085 162.438610956
-99.5169703369 162.48866414
-99.5957834624 162.538698487
-99.5197243223 162.605258249
-99.5987413769 162.65530078
-99.5217171901 162.721817522
-99.6009387196 162.771868454
-99.6804641505 162.821900455
-99.6023604267 162.888401312
-99.6820942439 162.938441947
-99.7621379775 162.98846354
-99.842494268 163.038465966
-99.9231657847 163.088449097
-99.843762143 163.154990412
-99.9246532197 163.204982437
-100.005865873 163.254955049
-99.9253358963 163.321481445
-100.006772458 163.37146319
-99.9251973229 163.437945904
-100.006858449 163.487937013
-100.08885151 163.537908597
-100.171179426 163.587860521
-100.088328971 163.654357488
-100.170889879 163.704319033
-100.253792585 163.754260789
-100.337040131 163.804182616
-100.420635595 163.854084373
-100.336376437 163.920626573
-100.42021793 163.970538214
-100.50441469 164.020429647
-100.418930793 164.086958247
-100.332419435 164.153412085
-100.416755465 164.20334423
-100.501455446 164.253256182
-100.586522718 164.30314779
-100.498625526 164.369618497
-100.583950174 164.419520747
-100.669650077 164.469402508
-100.755728722 164.519263623
-100.666414736 164.585752314
-100.752760993 164.63562434
-100.839494328 164.685475568
-100.748848871 164.75195125
-100.657086845 164.818349445
-100.743971106 164.868244078
-100.831252302 164.918117925
-100.918934233 164.96797082
-101.007020746 165.017802598
-101.095515735 165.067613089
-101.18442314 165.117402122
-101.0907829 165.183918419
-101.179986675 165.233719177
-101.269612328 165.283498302
-101.359663983 165.333255618
-101.45014582 165.382990945
-101.354834569 165.449563378
-101.258308611 165.51605651
-101.160552627 165.582469359
-101.251091493 165.632285341
-101.151951937 165.69865139
-101.242797568 165.748480233
-101.334092456 165.798287267
-101.425841163 165.848072304
-101.325009646 165.914461044
-101.222874503 165.980766844
-101.314798308 166.030600496
-101.211190817 166.096857845
-101.303430647 166.14670526
-101.396143186 166.196530688
-101.489333374 166.246333932
-101.38391397 166.312614464
-101.477434289 166.362431791
-101.571444024 166.412226737
-101.46432252 166.478494818
-101.558670355 166.528304167
-101.449967191 166.594522608
-101.54465424 166.644346683
-101.434336361 166.710514738
-101.52936364 166.760353867
-101.624906961 166.810170421
-101.5127654 166.87632528
-101.608657273 166.926157228
-101.705078393 166.975966391
-101.59106656 167.042108146
-101.475507528 167.10815894
-101.572099169 167.158022702
-101.454775574 167.224020207
-101.55171817 167.273900399
-101.649213568 167.323757833
-101.747268076 167.37359228
-101.627740339 167.439614952
-101.726162802 167.489466211
-101.604776112 167.555434517
-101.481703878 167.621307033
-101.580279607 167.671215965
-101.455271575 167.737031866
-101.554208012 167.786958708
-101.65373782 167.836862622
-101.526516903 167.902662133
-101.6264164 167.95258436
-101.726925513 168.002483437
-101.597429318 168.068266527
-101.466089955 168.133948423
-101.566728484 168.183908456
-101.433256532 168.249529911
-101.534263945 168.29950945
-101.635909606 168.349465912
-101.738201478 168.399399041
-101.602007505 168.465045187
-101.463834058 168.530585676
-101.323650248 168.596018797
-101.425758641 168.646059343
-101.283226667 168.711427207
-101.385699166 168.761488941
-101.488850819 168.811527743
-101.343594894 168.87687359
-101.196188249 168.942106941
-101.299382588 168.992212372
-101.149445098 169.057376368
-101.252996395 169.107504322
-101.100462657 169.172597494
-101.204367705 169.222748431
-101.049169884 169.287769253
-74.3952431638 169.605908953
-100.731703995 169.417448296
-100.835159999 169.467715199
-100.939353929 169.517960145
-100.776155081 169.582707122
-100.880672932 169.632976878
-100.714529993 169.697644381
-100.545824565 169.762183079
-100.374513056 169.82659063
-100.478402703 169.876980666
-100.30393588 169.941302175
-100.408095935 169.991718801
-100.230384801 170.055952184
-100.049885863 170.120047007
-99.866550607 170.184000664
-99.9698493083 170.234540885
-100.073947607 170.285060858
-99.8865307421 170.348967466
-99.4004551061 170.425672173
-99.5026811713 170.476337746
-78.8987651031 170.763677592
-99.4084992776 170.590490799
-99.208101832 170.653841976
-99.0044685453 170.717034532
-98.7975410928 170.780065311
-98.5872599946 170.84293108
-98.68742129 170.89380275
-81.1825555308 171.162521772
-97.9356823175 171.030504744
-98.0332360899 171.081521025
-97.8079817113 171.143740404
-82.9179120696 171.387431037
-97.0161430664 171.278081787
-83.9920195502 171.49801572
-96.8692141357 171.390751788
-85.0912023817 171.605829175
-85.4711765275 171.658540974
-95.7789985169 171.583153884
-86.9685959724 171.761664264
-87.7296977922 171.81121592
-88.8641171483 171.856887404
-89.6428774042 171.902982836
-90.4294278562 171.947650046
-90.7969297515 171.943425649
-93.2787342376 171.852709755
-93.9207290277 171.786983034
-88.0932763974 171.809387674
-95.1707611717 171.652178539
-96.0346069188 171.522552554
-96.6247350086 171.452018406
-97.1097070985 171.329286639
-97.3462858362 171.26762705
-97.5790209487 171.205777009
-98.2548507577 171.019122569
-98.4728911115 170.956548639
-99.3061413041 170.539795672
-99.6961262812 170.412727375
-100.99549272 169.402890527
-101.153425009 169.337943639
-44.5386268313 88.7130096287
-44.6111906307 88.7124412626
-96.3761964242 171.513082296
-95.5191504295 171.643539864
-94.551372721 171.72013037
-94.2767965277 171.779528298
-93.6386050706 171.845863014
-91.1638617928 171.93886577
-91.5301943083 171.933970975
-94.9036111692 171.712078339
-91.8958978594 171.928741869
-92.2609432544 171.923179097
-92.625301562 171.917283342
-92.9889441242 171.911055329
