901 29.44 2.08 5.57 0.90 12.36
957 15.94 4.41 7.57 1.80 8.28
987 15.93 4.74 -4.39 2.08 13.93
1017 14.51 1.38 -1.65 -1.49 7.41
1048 10.00 1.43 3.80 0.47 14.40
1079 10.61 -0.06 -3.65 -1.02 17.46
1108 15.61 -2.50 -7.18 -1.96 8.67
1139 10.29 -2.33 5.57 -0.08 14.24
1170 14.92 -1.76 -6.12 0.63 7.49
1201 18.33 1.08 -6.98 2.04 7.65
1231 13.07 1.77 3.26 1.06 12.91
1262 17.85 -5.78 -2.75 -1.65 2.35
1292 13.95 -4.90 -0.24 0.31 10.24
1323 7.66 -2.10 4.35 2.12 11.69
1362 -0.28 -3.90 2.75 -1.06 5.33
1392 -4.35 -4.67 3.41 -0.86 7.37
1423 -7.79 -4.89 3.45 -0.55 12.28
1454 -4.22 -4.21 -2.90 0.00 8.32
1484 -7.45 -3.73 4.12 0.08 7.88
1514 -10.85 -3.76 4.55 -0.16 13.65
1545 -7.72 -4.12 -1.96 -0.75 9.77
1575 -10.53 -2.40 7.26 1.26 13.42
1618 -6.25 -1.80 -3.41 0.39 10.55
1649 -8.39 -1.62 4.82 -0.20 12.00
1680 -4.46 -1.67 -2.79 0.00 7.85
1710 -2.27 -0.58 -0.59 0.47 6.63
1740 -6.11 -1.30 2.55 -0.20 5.37
1786 -11.54 -2.03 3.02 -0.47 4.82
1817 -13.18 -1.85 2.12 0.00 5.10
1847 -12.39 -1.45 -0.20 0.39 8.51
1878 -14.56 0.46 3.92 1.14 8.55
1908 -19.55 2.21 4.08 0.90 4.59
1939 -15.35 3.88 -2.98 2.24 10.59
1970 -15.44 5.84 3.10 2.43 10.32
2000 1.78 17.99 -2.12 0.43 0.12
2031 -0.11 14.88 0.27 -0.16 9.49
2062 -3.70 14.77 4.28 2.16 10.83
2092 -3.85 13.72 0.82 1.33 8.67
2122 -9.62 11.31 3.69 -0.04 6.79
2153 -7.75 9.85 -0.16 0.12 6.67
2193 -1.76 5.73 -4.35 -1.45 6.43
2224 -3.25 2.62 1.96 -1.92 8.83
2253 -6.59 4.44 6.35 3.41 14.00
2284 -2.37 0.17 -3.26 -2.47 7.26
2315 -3.80 2.56 4.55 3.53 16.20
2345 -4.06 3.74 3.30 2.98 17.93
2376 -1.29 5.02 -2.82 2.00 9.10
2406 -3.75 5.90 3.37 2.35 14.44
2437 1.24 6.03 -3.69 1.49 11.49
2467 0.24 6.02 0.04 1.02 7.37
2497 -4.69 6.65 4.12 1.41 9.61
2540 -8.27 4.82 3.41 0.00 8.55
2574 -4.13 3.65 -2.90 0.04 7.92
2612 1.40 0.67 -6.00 -2.16 12.08
2642 6.32 1.00 -3.73 0.24 5.92
2672 2.76 0.37 4.39 -0.78 12.36
2703 2.91 1.46 0.51 0.94 8.59
2734 0.80 0.28 1.10 -0.43 11.57
2764 6.14 -1.32 -4.55 -1.14 7.26
2795 3.45 -1.97 3.30 -1.26 13.96
2826 -1.15 -0.97 5.22 1.45 14.12
2855 3.23 -0.93 -4.75 -0.12 8.75
2886 0.87 1.16 4.08 2.24 12.98
2917 3.31 3.75 -4.47 5.10 16.44
2947 7.23 2.61 -4.51 -0.35 6.98
2977 2.41 3.01 5.69 0.78 12.71
3008 4.40 4.07 -1.02 1.29 7.30
3047 6.99 3.80 -1.57 0.04 8.59
3078 0.88 2.94 6.35 0.00 9.10
3108 6.02 0.58 -5.14 -1.06 7.34
3138 -1.53 0.70 3.65 0.04 5.49
3169 -1.61 1.77 3.22 1.77 18.99
3200 2.42 2.26 -4.00 1.10 9.73
3229 -9.38 10.48 3.61 1.57 1.45
3260 -12.96 8.66 3.88 -0.20 5.57
3291 -13.15 8.80 1.26 0.90 5.14
3320 -15.55 7.27 3.10 -0.31 11.61
3351 -10.13 6.24 -1.73 -0.12 7.57
3382 -12.46 4.76 2.63 0.08 6.39
3412 -10.09 4.71 -1.02 0.55 7.02
3463 -3.25 0.71 -2.08 -1.80 5.61
3493 -8.18 -0.48 5.73 -0.71 8.32
3524 -1.96 -1.77 -4.43 -0.78 7.30
3554 -3.45 -3.33 1.77 -1.49 7.92
3585 -3.77 -0.41 3.18 3.41 15.26
3615 2.21 1.36 -4.63 1.53 7.34
3645 -5.81 2.52 5.81 1.10 8.12
3676 -2.94 1.19 -1.33 -1.10 9.49
3708 -4.63 0.45 4.35 -0.90 12.16
3742 -2.76 0.80 -0.35 0.27 17.10
3773 3.83 2.81 -6.24 2.12 8.71
3804 -6.78 6.22 4.90 1.49 3.80
3833 -6.37 2.24 1.26 -2.20 6.90
3864 -7.50 1.54 4.04 -0.47 13.06
3903 -7.10 4.00 2.90 3.26 14.20
3934 -6.51 6.72 3.10 5.84 18.40
3963 -5.19 7.24 -1.26 1.96 10.32
3994 -3.16 5.19 -1.49 -0.55 6.63
4025 -4.80 1.78 2.39 -1.65 6.24
4055 -6.44 0.08 2.90 -1.33 12.98
4085 -1.29 -3.27 -5.22 -2.28 7.92
4116 -2.52 -6.13 2.86 -4.63 13.06
4146 -6.68 -6.31 5.81 -0.71 12.00
4176 -0.19 -7.78 -5.53 -1.49 6.71
4207 -2.48 -6.56 5.22 -0.55 16.20
4237 3.58 -4.39 -5.10 1.22 9.89
4268 15.15 0.16 -3.06 0.35 0.82
4305 11.09 -0.93 2.31 -0.82 11.89
4336 12.09 -1.47 -2.51 -0.47 7.77
4380 10.14 -1.84 1.73 -0.86 13.49
4410 8.65 -5.55 -1.18 -3.14 9.22
4441 11.08 -4.24 -2.59 0.16 6.98
4471 8.93 -2.26 1.96 2.08 17.93
4501 13.08 0.61 -5.49 2.16 7.73
4532 8.99 9.87 0.86 3.26 2.67
4562 3.67 9.68 5.14 1.26 10.08
4592 8.83 5.94 -1.73 -0.39 2.24
4623 0.39 8.14 6.24 2.47 8.71
4653 -0.86 7.26 2.75 0.12 15.14
4683 0.33 7.25 -2.63 1.37 9.92
4722 -2.83 5.91 2.00 0.16 6.32
4753 -6.51 4.25 2.12 -0.55 9.06
4784 -1.70 4.28 -2.86 0.43 8.59
4813 -8.64 3.62 7.69 0.31 9.02
4844 -6.37 1.74 -1.65 -0.63 7.10
4874 -12.08 3.08 5.37 1.65 9.81
4904 -7.30 -1.59 -1.92 -3.14 7.10
4934 -9.98 0.33 5.26 1.57 11.02
4965 -14.06 0.30 6.90 -0.24 9.65
4996 -9.13 -2.10 -0.82 -2.12 7.18
5025 -14.68 -6.34 7.41 -3.45 6.83
5056 -15.98 -6.10 3.06 -0.82 10.83
5086 -16.10 -5.26 1.26 -0.08 11.53
5125 -12.64 -8.50 0.16 -2.67 6.51
5154 -12.92 -10.99 1.41 -2.28 6.08
5185 -14.62 -11.77 1.65 -1.61 6.98
5216 -10.42 -11.90 -1.18 -1.45 8.47
5245 -12.52 -11.13 4.75 -0.86 8.98
5291 -1.95 -9.26 -8.59 0.20 8.87
5321 2.06 -5.32 -6.94 3.65 15.10
5351 8.60 -1.14 -8.20 4.24 13.61
5382 12.32 1.40 -4.28 2.28 10.40
5412 13.06 -0.52 -2.79 -1.65 9.38
5442 14.02 -1.39 -4.12 -0.78 10.24
5473 16.54 -1.03 -4.86 0.35 9.49
5504 8.18 -4.32 6.12 -2.63 7.30
5542 9.29 -6.31 -0.55 -2.39 9.89
5573 3.04 -4.33 3.49 0.43 5.84
5603 -6.14 -7.09 9.41 -3.61 10.90
5634 -5.23 -4.34 -0.78 2.24 12.36
5670 -0.19 -4.90 -5.37 -1.53 11.53
5701 4.32 -5.25 -5.45 -0.82 9.22
5732 9.35 -4.51 -6.00 -0.04 10.75
5762 2.61 -7.52 6.12 -2.67 8.55
5792 -4.50 -9.42 6.32 -2.28 7.02
5823 -10.16 -11.20 4.55 -2.71 8.39
5854 -11.18 -8.70 1.57 0.47 6.12
5883 -9.85 -4.80 1.73 2.35 9.81
5914 -17.87 -5.89 9.61 -1.41 6.79
5952 -27.42 -14.74 7.57 -2.75 2.04
5983 -17.31 -10.31 -10.36 3.22 16.95
6013 -25.93 -5.71 7.34 0.98 3.61
6044 -23.05 -11.91 1.26 -7.77 9.34
6075 -17.20 -13.76 -2.24 -3.65 9.38
6105 -12.90 -6.55 -2.59 6.90 13.26
6135 -9.41 1.51 -3.10 14.40 17.93
6166 -6.02 8.58 -4.16 14.95 18.44
6207 -4.51 14.64 -1.41 13.81 17.65
6238 -4.54 18.12 1.84 9.89 16.48
6268 -3.49 15.53 -0.55 0.20 10.20
6299 -3.05 4.80 0.35 -7.65 7.61
6329 -3.43 -6.40 1.80 -12.28 7.85
6369 -4.03 -20.18 2.31 -20.08 4.12
6400 -7.52 -32.18 10.08 -19.69 3.37
6430 -11.93 -44.04 7.49 -13.61 -0.78
6461 -10.08 -28.74 0.24 12.16 12.00
6492 -5.52 -15.08 -7.02 20.04 18.01
6522 -2.37 -4.60 -6.63 20.04 20.04
6552 -3.27 4.00 1.26 11.69 12.63
6583 -5.53 -8.88 4.39 -13.89 5.33
6614 -6.10 -21.75 3.73 -20.08 3.96
6644 -9.42 -34.24 7.77 -20.08 0.35
6675 -9.31 -21.63 2.98 10.04 13.10
6705 -3.12 -8.66 -11.61 20.04 16.04
6746 -1.72 0.06 -0.31 12.00 15.02
6777 -5.66 -15.85 8.63 -20.08 1.96
6810 -5.26 -24.15 0.59 -10.20 5.88
6842 -0.61 -8.26 -7.73 20.04 10.71
6875 -1.99 -7.27 2.94 -0.55 14.79
6906 -5.71 -20.90 8.39 -20.08 3.80
6939 -2.80 -9.49 -6.08 16.91 18.48
6972 -2.50 0.98 0.04 11.65 11.14
7004 -5.11 -14.02 8.47 -20.08 2.90
7036 -1.09 -6.67 -3.57 8.16 16.20
7068 2.83 5.97 -9.77 20.04 10.32
7101 -4.42 -11.04 12.24 -20.08 1.18
7148 1.53 1.91 -14.20 20.04 14.91
7192 -9.44 -13.71 18.59 -20.08 5.30
7222 -1.85 0.84 -13.18 20.04 11.34
7252 -7.65 -16.18 14.36 -20.08 0.55
7282 -3.75 -10.89 -7.61 5.18 20.04
7313 -12.47 -22.48 15.26 -14.24 4.47
7344 -4.97 -13.43 -12.75 10.40 20.04
7374 -7.34 -2.80 5.02 8.32 7.81
7404 -2.81 -4.96 -6.47 -4.63 20.04
7435 -11.25 -14.93 15.18 -12.94 8.00
7464 -3.38 -3.67 -17.81 19.53 20.04
7495 -8.80 -9.35 8.87 -6.90 8.47
7525 0.13 4.56 -14.32 20.04 9.10
7563 -4.59 -10.25 12.24 -18.99 4.71
7593 0.71 2.41 -13.49 20.04 12.67
7627 -6.26 -13.17 12.36 -20.08 2.63
7662 -4.44 -8.22 -1.49 4.20 15.30
7693 -1.14 2.93 -7.06 20.04 16.16
7724 -0.75 8.02 1.14 7.92 13.93
7754 -2.33 -0.33 2.12 -6.24 7.30
7785 -3.52 -12.69 1.77 -14.36 5.61
7816 -5.30 -24.60 6.47 -20.08 4.75
7846 -8.96 -35.28 7.10 -17.73 2.94
7877 -2.27 -20.18 -10.83 20.04 16.32
7908 -6.89 -25.20 7.88 -8.39 8.79
7939 -10.16 -35.08 5.61 -20.08 5.02
7979 -16.83 -46.35 17.69 -20.08 -0.27
8009 -7.37 -36.13 -14.08 4.16 20.04
8052 -1.54 -21.83 -13.14 19.77 20.04
8083 -7.65 -30.15 13.65 -20.08 10.20
8114 -1.34 -16.96 -16.24 20.04 20.04
8144 -15.27 -5.83 20.04 3.73 3.57
8175 -20.60 -22.15 20.04 -19.69 -0.39
8206 -10.55 -10.47 -20.08 20.04 20.04
8237 -13.69 -7.21 12.12 3.06 20.04
8267 -20.90 -25.06 20.04 -20.08 -5.02
8298 -12.29 -13.87 -20.08 16.59 20.04
8329 -18.46 -4.35 12.04 10.40 12.32
8368 -21.44 -12.20 12.43 -20.08 16.63
8398 -14.55 -0.88 -12.59 20.04 18.48
8429 -7.51 -2.79 -6.04 -1.96 8.43
8460 -14.88 -24.94 20.04 -20.08 -14.04
8491 -5.59 -8.99 -10.98 13.34 4.94
8521 3.73 -11.04 -20.08 -8.12 20.04
8552 3.16 -3.80 2.08 5.69 10.16
8583 -2.71 -16.92 9.02 -14.98 3.22
8613 6.18 -4.23 -20.08 20.04 14.20
8644 11.18 5.41 -10.98 20.04 20.04
8675 11.41 -4.29 -0.16 -16.28 11.73
8706 3.91 -24.26 12.47 -12.87 -5.69
8745 14.04 -19.86 -20.08 1.10 18.32
8776 18.22 -7.50 -18.83 19.18 20.04
8806 7.41 -17.26 20.04 -20.08 8.59
8837 -2.35 -32.05 20.04 -20.08 -3.49
8867 3.96 -17.73 -20.08 20.04 20.04
8898 -4.02 -28.39 15.65 -20.08 3.73
8929 -9.11 -37.33 20.04 -18.20 5.41
8980 -11.87 -53.41 15.73 -20.08 0.16
9011 -1.94 -35.70 -20.08 20.04 20.04
9041 7.54 -22.67 -20.08 14.28 20.04
9072 3.34 -29.01 7.65 -17.50 12.40
9103 11.78 -15.10 -20.08 20.04 17.26
9142 18.56 -30.15 -13.65 -20.08 -1.37
9172 23.32 -19.88 -13.65 6.28 16.40
9203 24.72 -8.99 -20.08 15.38 20.04
9234 23.93 -13.44 -7.65 -16.36 20.04
9265 20.48 -6.52 2.24 7.61 20.04
9295 14.34 -12.47 2.28 -12.40 13.61
9326 11.00 -20.79 1.80 -20.08 11.41
9357 9.81 -24.45 -2.31 -13.96 15.85
9388 8.41 -37.90 2.43 -15.85 -1.02
9418 1.08 -32.54 8.87 -4.20 20.04
9449 -7.50 -42.96 19.42 -14.91 -0.04
9480 -11.48 -61.49 20.04 -20.08 -20.08
9510 -13.53 -65.26 5.06 -20.08 4.35
9549 -19.73 -84.97 20.04 -0.12 -17.50
9580 -25.32 -56.77 9.53 10.94 2.75
9618 -22.73 -66.78 4.51 -18.55 -5.10
9649 -20.56 -76.64 -0.71 -19.38 -8.63
9679 -6.28 -64.26 -20.08 -0.47 20.04
9710 -8.05 -47.85 8.67 7.53 15.38
9741 -17.78 -57.51 17.18 -16.48 -3.53
9772 -15.38 -49.39 -1.73 -2.75 20.04
9802 -18.24 -60.12 6.51 -8.63 -2.12
9833 -21.28 -56.71 5.33 -5.02 6.32
9881 -18.91 -54.23 3.92 -11.30 15.22
9912 -25.58 -59.19 11.81 -8.08 1.88
9950 -23.62 -59.41 9.41 -18.32 11.96
9981 -26.51 -66.86 12.28 -17.26 -1.96
10012 -27.10 -67.31 7.34 -14.24 7.18
10043 -19.56 -46.68 -17.18 20.04 17.97
10074 -22.78 -46.16 9.10 -17.61 20.04
10104 -27.90 -50.21 14.71 -18.12 8.36
10136 -22.08 -40.04 -3.53 1.53 13.85
10167 -20.77 -22.25 1.84 7.85 5.37
10198 -22.07 -30.70 10.36 -20.08 7.41
10228 -28.88 -25.73 11.73 -0.78 8.79
10259 -35.12 -33.40 13.42 -8.51 3.73
10299 -35.18 4.98 4.94 1.69 -8.94
10330 -35.27 24.22 2.16 2.79 -0.55
10360 -20.10 24.41 -8.59 1.84 6.63
10391 -17.97 21.76 2.28 0.86 20.04
10422 -18.50 17.93 4.59 -1.53 11.77
10452 -16.81 12.94 0.27 -1.37 5.10
10483 -22.54 1.91 3.45 -2.71 1.84
10514 -27.57 -1.48 3.41 -1.26 3.57
10545 -17.43 -33.31 -2.20 -0.08 -6.16
10575 -24.14 -27.04 10.98 -0.31 8.87
10606 -29.39 -24.80 8.67 -1.84 5.57
10637 -24.22 -22.15 0.78 -4.28 15.61
10668 -18.20 -18.11 -2.90 0.51 14.40
10706 -7.35 -6.49 -3.61 5.49 5.77
10737 3.29 -3.52 -13.10 1.65 10.43
10780 -1.83 -20.85 6.75 -8.36 -0.16
10811 -9.77 -12.69 4.98 2.43 5.61
10842 -10.88 -3.19 1.49 8.08 11.10
10872 -4.84 -1.87 -7.49 0.12 15.93
10903 -14.67 -2.47 9.38 -0.71 4.94
10934 -8.21 -1.16 -4.08 0.27 14.59
10964 -3.37 -0.41 -4.43 0.00 15.61
10995 -16.26 28.20 7.57 0.47 -1.02
11025 -13.89 22.34 1.37 -1.73 8.67
11057 -25.32 3.43 13.65 -3.14 0.16
11096 -16.08 4.68 -20.08 1.41 20.04
11126 -13.40 37.98 -0.27 0.12 -2.35
11157 -2.66 33.44 -8.00 0.39 6.35
11188 -3.89 35.37 2.00 7.53 9.92
11218 -8.18 26.85 10.40 -4.28 14.08
11249 -3.26 21.99 -5.22 -0.86 16.59
11280 -3.53 35.56 2.79 11.96 -0.59
11311 -9.40 27.23 11.30 -0.90 8.63
11341 -11.91 -3.41 4.82 -5.06 -8.24
11372 -5.53 2.80 -13.61 9.81 20.04
11403 -4.46 2.26 -3.37 -0.59 16.55
11433 -3.27 -3.93 -2.71 -4.82 7.69
11464 -2.91 -25.18 -0.16 -10.36 -5.69
11502 -5.17 -11.76 5.65 8.12 7.10
11533 -2.56 0.27 -0.55 11.81 8.28
11567 -10.27 -8.58 9.22 -6.59 5.02
11600 -9.59 -34.14 -0.47 -5.92 -8.12
11631 -6.13 -27.68 -5.33 0.59 12.20
11662 -2.80 -15.48 -2.90 14.32 15.30
11704 2.10 -11.20 -5.30 1.37 20.04
11738 1.06 -19.33 0.27 -11.02 7.41
11768 4.92 -17.03 -8.08 -1.96 12.08
11799 9.48 -10.77 -9.65 7.45 19.38
11830 4.51 -3.49 2.63 4.12 7.06
11860 2.20 -3.28 7.73 -1.14 18.91
11900 6.53 0.36 -5.30 3.80 14.00
11931 6.38 8.63 -0.78 10.43 11.85
11962 6.21 12.75 -1.37 4.28 8.08
11993 5.63 -3.49 -2.71 -11.77 2.24
12023 7.88 -30.30 -6.43 -10.55 -17.93
12054 2.46 -15.36 8.16 10.20 7.30
12085 5.34 -4.85 -8.16 11.81 13.14
12115 11.62 -1.65 -8.75 1.77 8.12
12146 11.47 -11.14 -2.31 -12.20 8.24
12177 16.06 -22.53 -7.30 -9.77 2.47
12208 17.03 -13.22 -7.73 12.08 19.85
12238 16.99 -8.25 -10.28 4.82 19.61
12269 15.86 3.38 -4.71 10.40 7.14
12307 10.02 -5.11 2.63 -8.47 7.14
12338 13.60 -15.78 -4.98 -7.65 3.57
12368 16.42 -9.55 -6.00 3.18 11.14
12399 14.21 -3.18 1.10 10.12 20.04
12430 17.13 7.28 -8.36 10.16 7.18
12461 3.96 -9.04 12.32 -7.45 0.67
12491 3.15 -14.75 10.63 -14.40 20.04
12521 -4.40 -42.97 5.73 -1.18 -5.65
12552 -3.59 -33.95 -1.22 5.02 20.04
12582 -2.97 -21.33 -1.29 9.85 11.30
12624 -17.23 -23.46 8.12 -1.57 2.59
12658 -16.07 -27.09 -1.61 -19.22 17.26
12698 -12.36 -17.25 -1.06 6.43 12.83
12728 -13.39 -21.23 1.92 -4.47 5.73
12759 -3.54 -16.12 -7.61 0.71 4.39
12789 -4.97 -13.96 1.33 0.90 20.04
12820 2.09 -6.74 -6.94 4.55 9.41
12850 6.94 -9.39 -5.18 -4.12 9.65
12880 -8.07 -25.77 9.41 -3.49 -0.51
12911 -5.38 -50.32 -1.84 -1.69 -8.28
12942 -2.08 -38.85 -2.55 5.33 14.87
12972 -0.07 -33.00 2.00 -1.49 20.04
13002 4.76 -21.10 -3.22 5.57 7.41
13033 14.94 -13.85 -11.89 2.16 6.55
13072 9.24 -15.37 0.90 -1.26 3.77
13104 10.07 -12.31 -7.41 2.16 16.91
13142 5.01 -12.13 5.65 -2.71 14.55
13174 9.79 -10.30 -11.26 -1.45 18.44
13205 9.31 -9.08 -10.79 1.53 20.04
13238 -6.71 -12.43 16.67 -1.57 3.80
13270 -7.67 -9.46 7.49 1.80 14.20
13300 -3.81 -7.49 2.98 1.22 10.98
13332 -8.76 5.33 6.83 6.39 3.33
13364 -5.56 5.55 -1.88 1.14 20.04
13394 -8.57 -21.22 15.89 -9.61 -20.08
13426 -11.52 -26.75 7.61 -12.24 9.49
13458 -1.71 -21.24 -13.22 0.90 15.77
13498 -12.69 12.81 2.04 0.35 -1.41
13529 -15.64 8.57 3.37 -2.12 10.40
13565 -12.13 9.77 -3.10 1.92 12.36
13595 -6.46 13.94 -2.39 2.71 5.33
13625 -5.73 12.20 -1.14 -0.75 10.90
13656 -0.22 12.70 -17.30 5.02 20.04
13685 8.54 7.48 -11.10 -1.37 6.12
13716 8.35 9.03 -2.43 3.14 12.04
13746 9.74 8.60 -2.24 0.86 11.14
13776 8.18 8.22 1.96 0.43 8.36
13806 5.41 8.60 3.33 2.79 20.04
13836 9.37 8.23 -5.69 0.47 10.79
13874 8.36 7.30 1.45 0.24 8.28
13904 10.14 7.72 -1.14 1.06 6.47
13934 14.11 7.02 -1.69 -0.75 20.04
13965 15.03 5.15 -3.69 -1.61 12.63
13996 7.53 3.47 4.35 -0.90 7.41
14025 3.49 1.11 2.71 -1.26 6.32
14056 1.74 -24.28 0.90 -4.98 -6.47
14087 5.60 -17.31 -4.79 5.69 16.28
14116 4.91 -13.21 5.69 1.80 20.04
14147 -4.18 -15.47 15.34 -4.59 9.57
14178 -11.28 -12.69 6.86 0.31 5.18
14208 -12.92 -9.67 0.67 2.63 17.50
14238 -13.60 18.98 0.31 7.37 -16.63
14278 -17.94 21.30 3.92 2.94 5.33
14308 -23.37 18.04 11.92 -0.24 8.12
14339 -16.90 14.50 -1.65 -1.53 16.12
14369 -11.95 17.07 -4.00 7.14 17.10
14410 -10.06 12.21 -2.59 -3.45 14.91
14441 -3.63 4.54 -2.16 -1.88 3.41
14471 -3.87 5.38 5.02 3.18 20.04
14501 -7.50 -0.88 4.71 -3.73 6.94
14532 -6.20 -6.47 1.14 -5.88 9.06
14562 -3.12 2.59 1.96 9.81 9.85
14593 -10.34 5.31 8.71 4.51 13.69
14623 -17.66 -5.06 11.69 -9.10 6.79
14654 -14.56 -8.10 -4.16 -5.26 13.42
14692 -6.78 -3.77 -9.02 3.73 13.81
14723 -9.13 5.34 4.94 12.36 10.67
14752 -16.50 1.37 5.02 -0.90 3.69
14783 -17.89 -5.82 5.65 -8.24 10.71
14814 -11.44 -5.20 -6.20 -0.94 11.85
14843 -9.05 1.65 0.35 11.49 17.69
14874 -10.53 7.44 5.22 5.84 9.57
14905 -18.79 1.63 10.08 -4.12 7.41
14935 -12.58 -4.48 -1.73 -4.59 7.81
14965 -8.67 1.97 -2.12 8.75 14.16
14996 -10.56 9.57 2.90 7.02 7.34
15026 -23.30 7.66 9.96 0.12 2.71
15066 -24.41 12.05 2.86 7.53 13.96
15095 -20.83 2.98 1.10 -7.37 8.63
15126 -14.78 4.29 -4.47 1.49 15.34
15157 -8.73 -1.58 -2.47 -2.82 4.20
15186 -4.85 7.44 -1.73 5.49 5.96
15217 3.37 -1.22 -8.47 -5.49 8.20
15248 -9.56 -21.52 18.67 -2.90 -1.22
15278 2.22 -16.32 -9.22 0.55 6.39
15308 10.93 3.09 -15.26 9.92 0.31
15353 10.46 2.74 3.26 -0.51 12.32
15383 2.39 1.18 3.22 -0.63 5.30
15414 -6.42 -2.65 7.69 -1.80 6.16
15443 -8.37 -4.51 5.57 -4.31 17.06
15485 -7.24 17.25 -0.35 2.90 -1.10
15519 -11.53 14.80 1.69 0.08 5.30
15550 -5.18 14.26 -10.75 2.08 20.04
15580 -6.98 -20.04 1.29 -1.06 -5.88
15610 -11.66 -17.92 9.49 -1.41 10.87
15641 -10.67 -14.64 4.79 0.75 20.04
15672 -4.73 -14.49 -2.71 -1.37 6.12
15703 -4.00 -13.76 1.96 -2.47 20.04
15733 -9.37 -14.43 7.10 -2.31 6.86
15763 -15.90 -13.02 6.16 0.08 7.02
15794 -29.15 8.95 15.14 2.82 -1.26
15824 -38.59 -21.91 9.34 -1.80 -3.61
15864 -33.06 -16.95 1.77 3.61 17.18
15895 -38.55 -27.42 8.36 -5.96 2.20
15925 -45.67 -6.55 2.98 0.71 0.04
15955 -38.27 -5.26 3.84 0.08 15.53
15986 -41.63 -33.85 13.02 -1.65 -7.41
16017 -33.93 -29.74 0.39 -5.53 20.04
16047 -24.36 -30.08 -5.14 -12.47 19.50
16077 -21.19 -25.75 4.67 -0.63 20.04
16108 -23.68 -26.24 8.79 -2.98 6.20
16139 -16.82 -19.99 -9.10 3.30 15.65
16169 -8.60 -16.65 -12.43 -0.51 10.36
16199 -8.03 18.65 2.00 1.22 -15.10
16251 -3.12 13.66 -0.86 -4.43 18.16
16285 -1.66 8.25 -1.37 -3.88 13.77
16316 -7.52 -20.00 5.45 -7.18 -9.45
16347 -11.51 6.91 3.49 5.92 -4.31
16377 -6.34 4.56 -6.47 -2.12 17.10
16408 -7.03 5.54 3.14 1.57 8.94
16438 -4.91 1.39 -4.79 -4.28 12.32
16468 0.46 7.82 -13.81 8.36 15.10
16499 4.72 8.63 -8.08 2.20 13.42
16530 0.37 9.54 2.55 1.73 7.69
16561 6.37 17.07 -9.89 10.98 10.08
16591 10.03 14.01 -9.10 -1.29 20.04
16622 3.84 16.32 1.96 1.73 4.04
16661 2.18 14.60 1.53 0.31 9.45
16692 -0.59 15.62 2.47 3.53 10.75
16722 5.07 18.71 -6.94 6.16 8.79
16753 8.52 15.74 -4.82 -0.24 18.99
16784 10.14 12.08 -2.67 -0.82 12.71
16815 9.40 16.61 -0.59 6.04 8.39
16844 -0.77 4.29 8.94 -6.04 4.67
16875 -2.00 -5.80 2.12 -11.81 9.22
16906 -1.17 -21.03 -0.20 -14.79 1.06
16936 -4.03 -30.54 6.63 -19.61 7.34
16967 -6.25 -40.58 5.18 -20.08 3.88
16998 -4.87 -46.91 -0.31 -15.46 5.22
17029 -6.04 -32.25 3.80 16.63 20.04
17067 -1.85 -17.63 -6.04 17.22 15.30
17097 6.98 -27.99 -6.55 -4.47 1.53
17140 -7.41 7.34 13.22 1.14 -3.14
17174 -3.46 15.03 -2.28 20.04 20.04
17205 1.62 5.63 -1.29 -7.77 10.24
17235 -0.46 -12.32 8.08 -20.08 0.20
17266 -2.31 -23.45 3.49 -18.91 6.00
17297 -2.21 -11.56 1.88 20.04 20.04
17328 0.53 -1.25 -2.24 20.04 20.04
17358 8.67 -5.72 -8.28 -2.31 4.98
17388 3.93 -12.55 6.24 -20.08 20.04
17419 3.31 18.91 1.22 2.98 -10.40
17466 5.91 23.42 2.55 14.24 20.04
17497 6.50 18.14 -6.94 -2.47 19.02
17527 5.39 7.18 -1.73 -12.43 11.41
17558 0.07 -10.35 5.06 -15.46 0.39
17589 6.86 -1.77 -20.08 11.89 20.04
17619 9.76 8.48 -5.81 20.04 12.43
17650 -0.43 -3.40 7.85 -3.73 2.31
17681 -6.04 -19.62 13.45 -20.04 0.75
17712 -0.36 -34.43 -9.61 -18.28 -2.35
17742 3.47 -21.75 -1.49 20.04 20.04
17773 -1.23 -6.04 4.79 20.04 7.41
17804 0.56 1.77 -2.35 12.28 16.91
17835 2.71 -6.92 -5.10 -18.55 20.04
17863 -2.72 -29.33 7.22 -19.97 -20.08
17894 0.31 -16.40 -9.45 20.04 20.04
17925 -3.32 -6.57 19.73 20.04 20.04
17955 5.26 -11.86 -2.39 -1.92 2.71
17986 6.36 -17.55 20.04 -20.08 19.42
18017 -0.58 -34.07 4.43 -18.48 -2.82
18058 3.25 -19.54 -19.53 19.89 20.04
18092 -3.31 -7.33 12.20 20.04 20.04
18122 2.98 0.78 -12.20 12.12 19.38
18153 5.75 2.17 -14.83 2.20 20.04
18184 12.15 -8.93 -10.94 -4.12 2.35
18214 6.13 19.01 2.51 9.34 -13.65
18253 7.53 17.44 -3.26 0.98 20.04
18284 -2.40 47.55 19.10 0.27 -11.57
18315 -9.54 23.96 8.71 -5.65 0.35
18345 -12.84 19.99 4.47 0.12 6.35
18376 -7.98 18.41 -5.88 0.47 20.04
18407 0.12 16.84 -3.22 1.14 6.24
18438 2.77 14.69 -3.37 -0.20 8.83
18468 8.89 13.74 -20.08 0.90 20.04
18498 -2.05 11.09 12.24 0.39 8.47
18529 -11.06 1.12 12.32 -4.12 3.92
18560 -20.02 -17.96 3.84 -2.55 -0.35
18590 -25.71 5.88 7.49 5.92 -2.08
18630 -13.50 7.57 -20.08 2.39 20.04
18661 -21.98 -5.11 8.08 -4.35 2.12
18692 -10.18 26.83 -4.20 1.53 -6.86
18722 -1.88 21.67 -6.43 -1.69 12.08
18753 -3.93 34.06 0.43 1.41 0.04
18784 -3.03 28.43 1.14 -0.04 19.14
18814 -3.10 23.14 -3.88 0.51 20.04
18845 -13.97 24.46 8.36 2.31 4.43
18876 -20.71 32.14 4.86 3.88 2.08
18906 -15.65 27.45 10.55 2.28 20.04
18936 -29.16 13.39 13.77 -5.57 4.16
18967 -38.98 -5.33 11.69 -1.45 -0.08
19012 -40.20 19.79 12.32 15.49 -11.61
19051 -49.11 -2.21 7.45 -3.41 0.08
19082 -49.84 16.00 10.12 9.14 -1.02
19112 -44.86 16.99 4.59 3.84 9.34
19143 -41.19 2.81 0.94 -6.35 4.59
19174 -39.03 28.02 0.67 3.57 -4.12
19205 -30.04 35.87 -1.92 12.94 5.45
19235 -19.82 34.56 -3.92 3.73 8.67
19266 -25.26 12.82 17.81 -20.08 0.67
19297 -18.23 4.83 -8.47 -6.90 11.73
19328 -11.84 3.61 -17.89 -1.06 20.04
19358 -13.21 8.30 7.73 14.16 20.04
19389 -18.12 21.23 11.49 12.87 1.37
19437 -19.75 3.84 5.53 -10.83 5.49
19469 -14.64 -6.85 -1.22 -9.22 7.96
19501 -6.03 -15.29 -9.38 -8.59 5.77
19538 -10.20 13.97 20.04 12.87 -14.91
19571 -6.84 22.18 -5.65 18.01 13.42
19604 -9.50 22.24 10.08 4.39 20.04
19637 -1.67 19.11 -11.73 0.39 14.95
19668 -0.52 4.45 4.00 -15.57 9.18
19701 3.31 -9.28 -2.08 -10.16 4.67
19734 -2.25 -14.07 3.02 -3.06 4.98
19767 -2.16 15.53 -0.31 12.08 -16.59
19799 -0.28 20.79 -9.49 13.42 13.85
19840 0.90 24.35 0.12 15.30 20.04
19869 -0.26 27.68 -4.98 14.98 14.95
19900 2.28 30.47 -8.28 16.55 20.04
19930 1.69 31.59 4.00 7.73 11.34
19960 4.80 17.64 -5.81 -8.39 8.24
19990 5.10 0.73 -3.14 -20.08 5.18
20021 5.27 -14.99 4.90 -15.38 0.63
20050 13.49 -43.53 -20.08 -3.61 -20.08
20081 17.66 -34.67 -20.08 5.88 20.04
20112 14.41 -25.95 -1.80 7.77 20.04
20142 18.98 -9.48 -12.32 14.04 4.67
20172 16.70 -2.63 -3.22 10.20 16.36
20203 7.02 -34.44 10.40 -1.77 -10.47
20242 11.11 -31.59 -5.33 -4.31 20.04
20273 9.05 -45.01 3.61 -14.91 -2.71
20303 13.56 -63.36 -4.31 -7.53 -8.55
20334 10.40 -50.16 -4.24 6.08 19.97
20365 8.15 -31.73 -1.92 14.16 7.77
20396 9.02 -14.91 -0.71 9.22 5.84
20426 8.82 -8.11 -2.90 8.94 20.04
20457 6.79 1.44 -0.82 15.81 15.93
20488 6.06 8.54 0.55 12.91 13.49
20518 2.98 8.49 5.96 1.33 16.51
20548 -4.62 5.66 8.79 -0.67 8.39
20579 -6.46 -0.82 -1.33 -6.98 12.36
20617 -12.23 -13.58 11.38 -19.42 6.39
20647 -8.74 -17.44 -1.61 -7.57 10.59
20678 -11.08 -10.96 3.06 3.96 13.42
20709 -10.94 6.74 -0.08 20.04 0.27
20740 -6.85 18.01 -4.12 18.01 9.06
20770 -16.37 20.58 18.40 8.16 20.04
20801 -9.40 16.49 -0.63 -1.65 14.08
20852 -8.86 10.86 1.37 -5.33 11.02
20885 -10.62 -13.27 1.61 -13.45 -5.88
20916 -7.79 -39.06 1.02 -10.12 -12.51
20946 -1.27 -27.91 -1.77 3.06 6.43
20977 -4.52 -10.82 -1.14 18.55 6.35
21017 -4.43 -3.34 4.20 9.38 20.04
21048 -16.78 10.13 8.47 4.47 1.69
21079 -21.31 -1.33 12.04 -13.10 10.04
21109 -18.74 -6.68 2.39 -12.55 19.81
21140 -9.33 -17.57 -6.47 -16.04 7.37
21171 -3.21 -21.80 -9.57 -8.04 7.53
21201 -11.56 -13.00 14.67 3.69 6.90
21232 -9.24 -3.12 -2.67 18.32 19.81
21263 -6.19 3.96 -0.12 4.43 6.83
21293 -1.72 -2.07 -5.92 -9.69 17.46
21323 -2.05 -16.17 10.20 -20.08 2.59
21354 2.16 -14.92 -11.38 -2.35 20.04
21396 2.41 -8.47 -4.28 9.65 18.51
21430 7.90 -1.65 -3.61 7.41 12.32
21460 9.05 -1.25 -2.98 -1.88 20.04
21491 6.14 -13.20 5.02 -14.71 6.04
21522 13.55 -16.52 -20.08 -9.06 17.89
21553 8.88 -35.95 3.22 -8.63 -4.31
21583 3.05 -44.99 0.82 -4.35 0.86
21614 2.61 -28.07 -3.06 20.04 12.51
21645 -1.02 -9.47 4.51 16.87 4.31
21676 2.69 -4.45 -3.18 5.53 16.95
21718 8.07 -15.38 -8.55 -13.38 6.39
21748 7.10 -17.06 -0.90 -6.12 13.65
21779 15.41 -11.66 -9.41 3.61 15.73
21819 11.32 3.92 4.82 17.77 6.00
21850 8.81 4.03 0.51 0.86 20.04
21879 -6.34 23.04 7.88 1.61 -0.47
21910 -7.20 11.76 2.79 -18.24 20.04
21941 -14.98 -6.42 13.96 -6.28 0.51
21971 -15.87 -8.73 2.90 -5.10 10.55
22002 -14.39 -4.47 12.67 5.84 20.04
22033 -13.35 0.83 11.73 8.94 17.85
22064 -21.37 10.81 13.53 5.73 3.73
22094 -24.86 -13.75 7.61 -11.22 -10.04
22125 -24.87 -26.84 1.06 -17.18 1.53
22156 -18.04 -27.83 -16.48 -14.79 20.04
22194 -12.44 -28.84 -9.53 -8.32 20.04
22224 -9.47 -14.92 -1.22 14.59 12.87
22255 -9.48 -1.58 3.45 14.87 8.94
22286 -15.40 7.58 11.73 9.14 8.55
22316 -12.70 -18.80 8.24 -11.53 -11.45
22346 -6.62 -33.42 -2.28 -9.49 -1.49
22377 -1.22 -26.51 -4.94 3.33 14.08
22408 1.73 -18.03 -1.49 10.90 20.04
22438 -2.37 -7.82 1.88 13.65 17.34
22469 -3.41 -6.85 -5.84 -3.96 20.04
22499 -6.63 -11.15 16.79 -10.75 20.04
22530 -2.89 -34.98 -0.59 -13.38 -20.08
22569 -4.75 -30.89 11.18 -1.57 20.04
22600 -8.90 -2.97 16.95 17.89 -13.10
22642 -14.90 15.08 10.43 19.69 0.16
22676 -0.27 17.88 -11.96 7.81 20.04
22707 -3.15 39.82 4.63 10.47 -11.06
22736 3.61 26.45 -8.59 -5.18 6.39
22767 -3.40 22.55 12.24 -3.41 20.04
22798 -2.76 10.34 -8.04 -20.08 20.04
22829 -8.48 -12.24 12.75 -14.59 -5.61
22859 -8.98 -33.03 -2.16 -13.42 -7.88
22889 -0.02 -54.05 -12.32 -11.06 -20.08
22920 5.53 -43.84 -20.08 2.90 16.32
22959 11.24 -26.43 -4.16 14.00 9.02
22988 12.71 7.17 -20.08 6.04 -14.47
23019 9.02 8.70 5.18 2.35 20.04
23050 1.73 -14.70 11.10 -8.08 -4.94
23080 2.04 -3.59 -0.39 6.08 6.43
23110 -4.34 -2.70 8.47 1.65 11.89
23141 -6.55 -4.65 3.80 -6.08 20.04
23172 -12.91 -6.56 5.37 -1.33 5.10
23202 -16.74 14.82 2.94 7.81 -3.57
23232 -23.38 -4.30 13.26 -6.08 0.00
23263 -24.35 -8.85 6.94 -11.85 20.04
23293 -17.92 -8.96 -2.94 -0.24 2.67
23324 -12.07 19.47 -1.33 1.57 -2.39
23370 -23.53 18.74 19.85 1.06 8.59
23400 -20.08 19.48 -0.63 6.35 20.04
23431 -12.04 14.65 -7.34 -2.04 9.18
23461 -16.27 13.68 10.04 3.18 20.04
23492 -7.36 16.04 -11.77 4.94 10.67
23523 -2.64 14.24 -4.82 -0.08 20.04
23568 -3.24 10.84 -5.14 -1.84 20.04
23602 2.01 5.38 -12.32 -5.41 18.99
23632 6.57 -0.69 -6.86 -13.85 17.69
23663 7.29 -1.06 2.00 -0.31 6.43
23694 16.26 -5.92 -12.55 -4.82 5.88
23725 22.10 -3.41 -7.22 0.86 6.20
23762 23.72 19.56 -0.39 8.04 -4.63
23793 23.21 16.01 -2.75 -0.20 11.26
23824 18.18 26.08 3.41 13.96 4.00
23855 8.91 54.85 8.20 0.39 -8.71
23884 7.35 41.50 -20.08 -9.30 20.04
23915 3.83 58.39 4.75 6.98 -4.90
23946 12.47 29.07 -2.59 -1.88 -0.67
23976 12.50 26.66 -8.12 4.43 20.04
24006 2.85 42.34 6.32 4.28 -1.53
24037 1.69 44.54 -1.29 17.53 15.14
24068 -1.86 27.71 1.41 -2.71 2.00
24097 6.92 22.93 -8.55 0.71 14.75
24128 8.96 42.93 -2.63 8.39 -6.47
24168 -1.48 53.17 9.81 4.79 -0.31
24199 2.33 41.62 -4.82 -2.90 12.40
24228 -0.71 38.05 2.59 5.10 13.96
24259 -7.87 60.27 12.98 7.69 -20.08
24290 -6.18 47.79 -0.51 -4.39 11.06
24321 -8.51 69.64 1.33 2.00 -5.69
24350 -4.95 57.76 6.24 0.43 20.04
24381 -6.58 49.77 -5.14 3.77 20.04
24412 -2.29 39.55 -13.06 -4.55 20.04
24455 1.92 29.42 -7.30 -3.41 9.85
24488 13.02 26.28 -2.67 2.98 20.04
24519 6.55 18.91 -3.45 -5.14 20.04
24557 3.33 15.62 -0.59 1.14 14.95
24588 7.40 17.62 -7.41 7.65 12.55
24619 4.84 16.98 20.04 4.63 15.65
24648 -2.20 -18.98 10.12 -2.20 -20.08
24679 -10.80 -3.99 11.30 5.49 2.28
24710 -10.18 5.89 2.04 4.00 3.06
24740 -12.77 1.45 6.86 -5.18 15.18
24771 -7.72 1.17 1.33 -1.41 20.04
24801 -9.54 -24.17 1.80 -2.67 -3.33
24832 -8.23 -6.84 1.53 9.22 1.96
24862 -5.53 -7.22 -8.20 -2.39 20.04
24893 -4.12 2.12 -1.73 3.49 3.14
24923 -9.25 3.95 5.06 1.96 6.16
24963 -13.70 -4.33 9.77 -7.14 10.12
24993 -14.94 -36.86 0.55 -0.67 -5.73
25023 -12.91 -29.17 3.65 5.73 20.04
25054 -15.14 -31.12 3.69 -6.32 8.75
25084 -7.89 -30.82 -8.39 -5.06 11.41
25115 -1.78 -21.71 -5.10 4.16 9.49
25145 -13.16 -11.05 6.35 6.55 8.20
25176 -15.66 -11.64 4.04 -1.14 10.71
25206 -13.79 -12.96 0.47 -8.36 20.04
25237 -8.59 -13.67 -3.88 -6.20 20.04
25267 -4.56 -2.43 -1.18 14.59 13.26
25297 0.96 1.78 -10.08 6.63 20.04
25352 2.08 -4.48 16.08 -8.55 20.04
25385 1.57 -29.80 1.45 -16.79 -13.45
25416 10.36 -29.75 -13.18 -3.96 8.55
25447 10.05 -16.01 -0.04 12.28 10.79
25478 16.75 -7.98 -14.20 10.75 20.04
25508 15.71 0.07 -5.69 12.75 14.24
25539 4.23 -12.20 8.47 -7.34 2.98
25570 8.49 -15.99 -13.38 -13.18 20.04
25601 10.95 -24.49 -1.57 -7.96 5.33
25631 11.76 -16.80 -0.24 4.20 10.90
25662 -1.72 -6.84 20.04 12.20 12.91
25693 -0.32 0.77 -7.57 14.32 13.93
25734 -7.26 -7.57 9.92 -4.82 4.35
25765 -11.56 -30.48 17.30 -17.34 -12.00
25798 -11.66 -35.48 5.96 -20.08 13.18
25835 -12.82 -35.63 17.77 -12.94 20.04
25868 -13.38 -60.77 3.06 -1.80 -6.16
25901 -10.61 -42.16 -4.47 20.04 20.04
25932 -6.24 -30.85 -1.77 8.71 20.04
25965 -6.76 -22.30 2.75 7.41 20.04
25998 -13.16 -29.56 5.81 -6.59 3.77
26031 -15.48 -30.62 3.49 -11.73 20.04
26062 -14.37 -31.21 -0.35 -3.57 9.14
26095 -16.17 -19.51 2.31 3.14 4.55
26135 -16.24 -3.39 4.00 10.87 4.51
26166 -20.28 1.28 5.33 3.18 9.26
26195 -20.13 17.97 0.12 7.18 0.55
26226 -23.99 10.14 9.06 -7.73 12.63
26256 -19.65 -11.84 -2.28 -17.26 -6.35
26287 -13.94 -27.97 -2.31 -14.98 -2.20
26317 -19.21 -29.88 8.08 -3.14 5.02
26347 -23.45 -24.94 14.91 -2.75 20.04
26378 -19.91 -9.67 -4.43 18.12 10.43
26408 -11.40 0.55 -16.83 19.26 20.04
26438 -11.94 16.37 5.02 20.04 0.43
26469 -8.24 27.05 -1.06 15.14 5.22
26527 -12.39 33.40 2.43 7.22 5.92
26560 -13.95 23.42 6.04 -7.26 17.61
26593 -13.59 6.15 3.22 -17.30 5.73
26626 -13.07 -19.63 5.92 -13.53 -10.63
26659 -22.00 -31.24 20.04 -13.57 0.67
26692 -22.07 -42.90 3.84 -12.79 -0.59
26725 -15.17 -34.57 -5.96 1.18 20.04
26758 -15.65 -9.26 5.33 14.36 -2.86
26790 -6.43 -6.08 -3.14 3.33 20.04
26823 -6.95 -25.25 3.18 -11.65 -4.63
26856 -5.43 5.74 2.35 10.75 -13.85
26889 -4.80 2.46 2.47 -2.82 12.79
26930 2.49 0.42 -10.67 -4.71 17.73
26962 3.57 5.98 5.81 6.28 12.08
26995 -1.41 -1.09 1.14 -3.77 6.32
27027 2.54 -1.21 -8.04 0.47 13.14
27060 -6.04 -5.28 9.92 -4.35 9.65
27092 -3.74 -11.42 -0.75 -5.57 6.28
27125 -1.06 19.78 0.04 7.57 -16.75
27158 2.85 16.53 -20.08 0.78 16.08
27191 0.60 15.83 0.27 1.37 6.51
27224 -7.38 43.01 9.92 10.36 -20.08
27274 -17.38 69.47 16.79 0.90 -3.80
27307 -23.53 66.32 8.28 7.96 8.94
27342 -24.20 52.83 6.24 -1.22 20.04
27388 -16.59 42.91 -5.22 -0.67 13.49
27421 -5.80 38.82 -15.85 4.79 13.10
27454 5.49 58.44 -20.08 10.51 -9.34
27487 -2.76 23.64 14.20 -6.28 -5.65
27520 -8.26 11.34 6.90 -2.98 3.26
27552 -11.61 -5.31 8.83 -7.34 1.69
27586 -24.08 -23.02 3.30 -0.47 -0.08
27619 -16.79 -18.95 -9.06 -1.80 20.04
27652 -11.19 -17.10 -9.61 -2.55 20.04
27684 -8.51 -20.78 1.14 -6.51 8.08
27717 -11.04 6.40 1.61 3.92 -3.14
27750 -5.67 7.75 -7.53 4.31 20.04
27791 2.72 4.97 -9.10 -0.35 6.79
27824 4.14 4.62 -1.92 0.82 12.51
27856 -7.56 7.88 9.45 1.18 3.14
27889 -3.65 37.40 -0.82 2.24 -6.28
27922 -12.30 -1.39 18.24 -4.86 -15.85
27955 -11.07 -3.87 0.04 -1.80 8.55
27987 -9.37 -1.76 -0.39 3.02 14.51
28020 -5.32 -0.84 -4.24 0.43 13.61
28053 -1.13 0.83 -1.02 3.18 20.04
28086 -0.20 -1.67 2.20 -3.26 18.91
28119 2.68 1.15 -2.75 1.92 6.86
28151 2.02 4.54 4.04 5.41 17.34
28184 4.68 6.07 -0.27 3.26 15.06
28247 8.46 1.10 -5.69 -5.06 11.61
28279 9.42 1.43 -5.18 1.06 20.04
28312 10.30 -0.65 -1.26 -1.22 13.30
28346 5.41 0.54 -13.49 2.94 20.04
28379 -2.67 4.91 4.47 4.94 9.38
28411 0.37 15.47 -5.22 14.00 7.88
28444 -7.82 7.96 6.55 -5.45 15.46
28477 -9.29 9.39 4.90 1.65 8.63
28510 -16.44 40.53 12.83 0.55 -6.94
28542 -17.58 31.07 1.88 -2.63 13.38
28575 -18.07 27.25 3.73 1.61 12.24
28608 -22.41 28.20 6.39 2.98 5.73
28641 -14.10 25.11 -6.20 1.33 17.46
28681 -4.44 16.12 -8.08 -7.06 17.06
28713 -5.46 12.97 3.88 -0.71 8.59
28746 -2.19 18.13 -5.81 5.96 6.04
28779 -0.69 13.83 -12.55 -3.49 20.04
28812 14.23 -3.94 -2.00 -1.73 0.24
28845 12.34 -34.24 9.06 -3.53 -19.18
28878 11.48 -28.91 -1.41 -0.27 16.44
28911 8.34 -26.34 5.65 -6.16 20.04
28944 5.47 -20.62 0.82 0.43 4.00
28977 2.66 -7.31 4.59 12.67 7.92
29009 6.85 8.71 -6.08 13.96 0.51
29042 10.52 28.31 -0.35 5.88 -2.24
29084 15.29 24.43 -17.89 1.22 20.04
29125 15.73 19.15 -9.38 -3.41 20.04
29161 19.57 -9.24 -6.90 -11.18 -9.65
29194 24.13 -2.34 -10.71 3.02 7.41
29227 13.21 30.16 13.53 0.31 -11.18
29259 13.30 33.56 -1.45 4.39 3.92
29291 9.78 25.41 -1.02 -2.47 10.67
29324 16.50 19.81 -8.04 -0.63 5.65
29357 15.71 18.61 1.96 6.67 20.04
29389 21.56 19.55 -4.86 2.00 3.77
29422 10.02 44.48 8.87 7.73 -11.89
29462 8.36 65.85 -0.20 7.61 -15.06
29495 13.48 50.54 -12.20 -5.45 17.97
29536 18.01 40.92 -7.30 -2.43 20.04
29569 6.59 28.86 6.04 -1.37 2.98
29601 8.32 22.87 -9.26 -2.20 16.32
29634 8.13 33.53 -5.14 12.43 3.65
29667 10.37 34.97 -5.14 11.65 9.96
29700 9.91 23.83 -7.41 -6.00 20.04
29732 12.66 25.25 -4.35 5.02 7.45
29765 2.53 3.33 4.28 -7.49 -0.98
29798 4.53 10.18 -6.39 10.98 12.98
29831 8.00 14.80 -6.20 8.63 9.81
29863 9.69 13.79 -3.22 3.84 20.04
29896 17.84 11.01 -20.08 -2.04 20.04
29938 8.06 6.87 1.41 -1.45 10.75
29971 2.99 -26.17 11.65 -6.75 -20.08
30004 6.04 -14.38 -6.39 10.59 13.77
30036 11.33 -20.35 -11.06 -4.04 4.86
30069 16.14 -30.48 -3.65 -6.04 2.04
30102 5.83 -29.27 5.61 -2.08 6.98
30146 -7.72 -27.30 5.14 -0.63 2.82
30182 -9.79 -20.06 3.41 2.08 8.59
30215 -7.81 -19.66 -0.12 -2.08 10.43
30247 -5.86 -19.57 1.49 -7.37 20.04
30280 -6.61 -16.23 10.55 -0.08 17.97
30313 -12.99 -9.33 5.92 2.00 4.98
30346 -6.22 -2.82 0.63 6.12 13.96
30387 -17.31 -3.51 9.38 -2.51 13.45
30419 -8.91 -0.70 -9.38 1.22 11.69
30452 -6.09 -33.50 -1.06 -2.16 -8.71
30485 -3.20 -14.61 -4.79 14.32 4.55
30518 -0.11 -11.40 -4.24 1.69 8.55
30551 -14.37 -23.01 2.24 -1.10 0.39
30583 -21.46 -26.63 13.65 -7.14 8.47
30617 -15.45 -10.87 -1.26 6.98 3.33
30650 -10.66 -10.37 -3.69 -3.06 17.89
30683 -14.75 -10.76 6.04 -1.73 7.57
30715 -28.42 -40.10 9.22 -0.39 -2.24
30748 -19.82 -32.47 -10.94 2.20 19.38
30790 -14.15 -25.46 -0.59 2.24 10.20
30823 -18.36 -28.84 6.47 -3.77 4.82
30856 -17.50 -27.67 4.16 -4.16 12.28
30888 -24.95 -19.27 7.10 2.00 5.73
30921 -25.47 -15.16 1.73 0.24 17.69
30954 -17.43 -15.26 -4.12 -0.94 5.65
30987 -13.98 -7.68 -1.92 5.81 13.10
31020 -12.57 -11.54 -0.59 -4.63 11.65
31052 -8.11 -3.65 -3.30 7.10 11.26
31085 -5.16 -4.84 -3.14 -2.63 10.71
31129 -2.77 -9.42 -3.65 -10.20 16.24
31165 2.50 -8.38 -7.96 -2.24 20.04
31206 9.36 -13.44 -5.77 -4.28 6.12
31238 7.27 -4.64 0.78 7.81 12.83
31270 6.14 -7.99 1.06 -5.57 13.30
31303 2.11 -29.15 4.98 -20.08 -11.34
31336 4.29 -41.16 -3.53 -17.73 1.73
31369 1.57 -54.16 0.86 -15.89 -4.55
31401 -3.10 -35.06 8.20 20.04 14.04
31434 -10.28 -19.52 5.37 20.04 16.83
31466 -23.92 -12.84 10.16 0.90 3.84
31499 -18.42 -18.04 -0.98 -13.22 14.83
31535 -20.11 -26.20 19.89 -19.50 9.45
31571 -23.67 4.86 12.20 11.38 -14.12
31613 -18.75 16.33 2.67 20.04 10.90
31646 -18.00 17.05 4.55 4.28 12.91
31679 -10.44 2.87 -7.96 -13.14 7.57
31712 -1.80 -12.72 -6.35 -20.08 1.10
31745 -4.39 -26.61 0.71 -20.08 0.75
31777 -5.48 -38.46 -3.02 -12.12 2.08
31810 -6.21 -47.10 1.65 -10.20 1.45
31843 -5.90 -52.63 -1.41 -18.51 4.39
31876 0.90 -54.81 -14.55 -18.55 10.75
31908 8.45 -47.19 -3.96 -0.78 20.04
31941 5.20 -25.30 13.69 16.04 5.18
31974 12.88 -10.73 -11.53 15.97 9.57
32015 0.22 -14.40 13.38 -4.59 8.51
32047 3.27 -11.60 -11.65 -3.37 20.04
32080 0.54 -5.18 -1.33 6.08 18.28
32129 5.87 25.12 -2.67 10.28 -11.92
32161 10.30 19.42 0.47 -1.45 13.77
32194 -3.78 -17.01 16.12 -0.35 -3.14
32227 -18.28 7.92 5.53 0.35 -0.20
32259 -27.55 -10.12 13.45 -8.55 0.47
32291 -19.81 -3.98 -4.16 5.57 13.81
32325 -12.57 -2.29 -6.04 0.20 20.04
32358 -11.22 0.33 -0.71 2.43 12.83
32391 -13.57 1.59 3.57 0.78 9.22
32423 -22.42 4.58 3.41 0.47 1.84
32455 -15.85 7.19 -4.16 4.04 14.08
32489 -14.39 4.00 2.16 -2.43 9.65
32528 -29.12 8.71 8.79 0.20 0.35
32563 -18.44 7.45 -7.77 -0.39 12.24
32598 -13.23 15.50 -1.84 8.94 8.12
32632 -12.17 9.87 3.45 -6.79 19.61
32667 -10.11 -0.03 -0.12 -9.77 9.61
32702 -11.39 6.88 3.30 7.53 9.57
32737 -13.01 13.97 12.12 16.71 19.34
32771 -11.31 18.90 3.41 11.89 15.61
32805 -11.22 24.66 3.80 14.67 14.75
32840 -7.51 23.28 -3.77 3.06 13.65
32883 -17.84 4.52 10.04 -6.39 2.20
32916 -19.33 -9.20 4.79 -16.04 7.65
32949 -14.90 -22.96 0.16 -20.08 3.80
32980 -14.28 -31.83 1.29 -17.14 6.51
33013 -3.95 -53.81 -3.92 -3.33 -4.39
33046 2.18 -39.61 -6.39 3.88 6.79
33078 -5.05 -22.01 10.00 13.06 7.53
33111 -2.60 -8.26 -2.39 20.04 14.79
33142 -2.52 0.01 5.69 14.44 20.04
33175 -0.07 8.71 -0.12 11.53 10.83
33207 -3.47 12.69 5.33 7.96 16.12
33240 0.74 10.93 -1.80 0.04 3.45
33280 -5.01 -2.25 20.04 -15.85 8.90
33312 -1.28 -19.92 -0.51 -14.87 -1.41
33345 -5.60 -39.53 9.61 -18.04 -9.92
33378 2.46 -39.12 -5.53 -3.57 5.37
33411 6.22 -32.82 -2.98 -0.39 8.39
33443 2.28 -25.68 12.47 3.49 19.85
33476 2.61 -11.30 1.77 17.38 11.65
33509 1.56 2.26 0.59 16.75 9.57
33541 3.98 11.25 -6.08 14.83 14.40
33573 -5.16 22.45 13.81 12.59 5.53
33606 9.37 28.16 -9.02 1.14 1.26
33642 4.53 5.43 4.79 -14.71 -0.16
33678 -1.06 -5.63 1.29 -12.63 10.24
33720 -9.49 -20.38 20.04 -15.10 3.92
33753 -8.36 -35.21 2.20 -19.02 1.37
33785 -5.41 -42.24 -1.92 -14.59 5.53
33818 -2.72 -41.00 -0.94 -2.63 4.47
33851 -0.69 -36.34 -2.39 -1.37 8.79
33884 -3.77 -23.62 4.59 5.96 7.92
33916 -5.81 -10.02 5.45 12.20 9.26
33949 -1.95 -2.23 -3.77 9.57 16.44
33982 -2.82 2.97 6.47 8.28 20.04
34015 -1.03 11.59 2.00 17.61 20.04
34048 -9.42 -8.14 10.40 -9.81 -1.69
34097 -1.52 -17.32 -3.06 -6.39 3.92
34138 -3.53 -26.80 5.92 -7.41 4.31
34169 -4.83 -33.91 2.12 -5.45 3.37
34202 -6.78 -23.62 1.96 4.04 12.04
34235 -6.53 -13.30 1.53 12.16 20.04
34268 -3.48 -2.52 -6.08 17.69 20.04
34300 -8.14 1.69 9.57 7.61 20.04
34333 -11.94 -4.93 14.04 -13.49 20.04
34366 -17.51 -13.55 19.38 -15.18 12.12
34400 -14.55 -27.54 2.47 -20.08 0.82
34433 -10.97 -29.95 0.16 -6.35 7.18
34465 -9.16 -21.70 -1.37 3.80 13.38
34498 -5.01 -8.62 -5.18 16.59 13.93
34540 -4.20 1.82 -2.67 19.34 18.44
34573 -9.34 -8.06 5.26 -5.37 4.63
34606 -18.93 -19.68 12.08 -7.88 3.10
34638 -17.34 -28.11 -0.47 -14.83 7.22
34671 -14.55 -40.41 -1.26 -18.08 -0.16
34704 -10.85 -47.76 -1.53 -9.41 2.31
34737 -5.77 -46.15 -3.65 -5.65 8.51
34769 -0.57 -44.20 -2.55 -4.82 9.06
34802 6.17 -37.36 -6.39 -2.98 18.79
34835 6.83 -27.70 0.43 6.63 18.20
34868 4.22 -13.12 5.02 18.20 12.71
34899 1.84 -2.18 2.43 13.96 15.10
34932 0.35 10.16 -0.98 19.50 10.98
34973 6.45 16.03 -1.49 15.30 20.04
35006 1.41 29.05 7.10 10.79 2.20
35057 8.81 34.45 -20.08 18.40 17.06
35093 19.01 31.02 -11.38 1.49 6.47
35126 10.96 23.26 1.53 -1.33 4.71
35159 9.15 5.99 -0.90 -9.89 3.73
35191 6.47 -9.12 -1.06 -11.81 2.86
35224 9.05 -16.92 -7.06 -13.81 10.79
35257 9.79 -32.82 -4.31 -20.08 -2.63
35290 2.16 -44.08 8.00 -20.08 -0.43
35323 3.17 -57.98 -1.41 -17.26 -6.71
35356 -2.24 -62.80 11.65 -20.08 6.55
35398 0.71 -70.31 -3.80 -12.28 -0.08
35431 0.58 -77.56 2.63 -12.32 -2.08
35464 -9.50 -74.86 3.61 -2.55 1.65
35496 -9.75 -61.04 0.71 -3.53 15.30
35530 -12.46 -43.71 8.79 15.73 20.04
35563 -12.71 -27.27 3.88 15.61 14.55
35596 -10.88 -11.95 -4.90 15.49 11.85
35629 -4.14 -3.32 -9.96 5.92 9.85
35661 -2.43 -2.08 -3.61 0.04 12.63
35694 -10.33 -18.47 9.10 -9.26 -0.59
35727 -6.09 -19.77 -11.73 -9.41 20.04
35767 -2.30 -22.12 0.39 -2.08 3.41
35808 -1.60 -10.39 -3.18 13.38 17.10
35841 -1.00 6.87 0.90 16.48 3.37
35873 3.95 1.23 -3.26 -3.41 6.98
35906 1.04 7.61 0.98 3.88 6.32
35939 1.76 4.90 -0.39 -2.08 9.61
35972 -4.33 15.71 5.37 6.16 3.92
36027 -0.19 18.05 -5.37 5.10 15.53
36060 -6.27 7.67 5.57 -5.33 6.71
36093 -2.24 8.66 -2.90 2.20 12.94
36126 -9.77 6.06 7.53 -0.78 7.02
36159 -6.55 8.88 -1.33 5.45 20.04
36192 -19.19 -15.86 10.67 -1.84 -1.18
36225 -14.08 -12.23 -1.14 0.86 10.71
36267 -20.61 -17.70 9.41 -4.71 5.77
36300 -15.13 -12.79 -3.14 2.16 12.71
36333 -24.18 -12.09 7.85 -0.67 5.06
36366 -18.72 -4.84 -1.92 5.57 10.08
36399 -3.56 -22.56 -5.84 -2.31 -0.39
36431 -0.13 -15.41 -6.28 4.00 13.69
36464 3.44 -15.31 -3.61 -3.65 13.02
36497 -3.71 -12.15 7.22 0.16 8.36
36530 -0.65 -8.38 -3.65 1.61 12.20
36563 -13.92 -14.18 9.06 -1.57 2.16
36596 -9.39 -6.99 -2.63 5.22 10.94
36629 -9.34 -7.31 2.43 -2.67 17.81
36669 -14.41 -12.74 6.20 -4.63 6.43
36702 -7.88 -8.81 -4.12 1.77 11.85
36736 -6.44 -8.28 -0.67 -1.49 14.67
36768 -13.41 -18.44 5.77 -5.61 3.18
36801 -7.71 -8.32 -5.61 8.28 11.89
36834 -10.78 -6.96 4.16 -0.20 10.94
36867 -12.01 -0.67 1.73 3.18 6.71
36908 -6.96 5.05 -5.45 6.08 12.75
36943 -6.55 4.52 -1.37 -0.27 18.12
36976 -14.28 9.88 4.04 1.77 2.94
37009 -5.59 9.22 -5.96 0.51 11.10
37042 -13.45 -3.80 5.30 -3.92 2.35
37074 -15.43 1.56 4.55 4.67 10.08
37116 -10.65 0.93 -1.84 -1.06 8.71
37149 -13.51 -4.90 4.79 -4.98 8.55
37182 -9.26 -2.92 -1.26 0.63 8.12
37215 -12.63 -4.18 1.41 -0.39 3.10
37248 -21.71 -5.25 9.96 -0.90 5.45
37280 -27.04 5.65 5.69 3.45 2.86
37313 -20.41 3.34 -1.26 -1.92 13.30
37346 -27.19 -20.48 11.85 -6.20 -4.20
37379 -21.05 -8.25 -2.59 10.00 9.06
37412 -21.13 -11.46 4.51 -4.86 10.98
37445 -26.83 -21.78 5.10 -4.08 2.08
37478 -19.71 -22.91 -1.61 -2.71 5.92
37519 -16.01 -23.94 -3.88 -6.16 13.14
37552 -8.30 -17.01 -7.81 2.39 9.10
37584 -6.19 -17.72 -0.78 -3.06 7.61
37617 -6.47 -16.03 0.75 -2.28 15.61
37650 -9.29 -2.53 3.65 7.77 4.43
37683 -6.87 -0.87 0.27 1.29 10.43
37715 -17.10 -15.56 11.85 -5.73 1.14
37748 -11.08 -14.00 -1.88 -0.78 8.43
37781 -7.17 -15.03 -3.92 -5.49 13.45
37814 -14.60 -15.15 7.22 -1.77 6.32
37850 -7.13 -6.18 -4.28 7.14 10.12
37885 -8.88 -3.12 5.84 2.79 16.12
37942 -6.08 -3.21 -0.90 -1.49 14.44
37976 -10.56 -4.34 4.16 -1.29 7.77
38008 -5.14 -2.41 -3.92 1.10 12.59
38041 -1.30 6.43 -4.59 10.71 11.57
38074 -1.75 11.29 1.14 4.16 6.90
38107 -12.13 -7.16 6.98 -4.90 0.08
38139 -17.13 9.12 6.71 5.96 0.31
38172 -13.41 16.35 -5.18 20.04 20.04
38205 -10.13 22.65 -8.94 20.04 20.04
38239 -4.39 7.47 -5.14 -20.08 7.73
38272 -2.75 -14.16 -0.67 -20.08 -7.26
38304 6.45 -2.65 -20.08 20.04 20.04
38337 9.59 -12.04 -3.22 -15.46 14.83
38378 10.55 -1.35 -3.10 20.04 20.04
38411 13.62 -1.07 -4.79 -0.78 20.04
38444 10.12 -24.02 3.84 -20.08 -9.92
38476 -1.53 -9.28 20.04 20.04 12.24
38509 -6.43 -23.47 2.28 -10.87 1.49
38542 -2.67 -11.04 -10.83 20.04 20.04
38575 -15.65 -24.79 16.44 -5.18 0.12
38607 -12.52 -34.05 -6.00 -14.83 5.22
38641 -12.01 -20.45 2.71 20.04 20.04
38674 -8.59 -33.27 -4.47 -20.08 0.35
38707 -3.25 -19.10 -14.59 20.04 17.18
38739 -2.06 -32.17 -1.02 -14.59 2.31
38781 3.63 -20.95 -10.00 8.04 13.10
38814 -0.91 -22.37 1.73 -7.53 13.77
38847 2.54 -29.84 -6.51 -19.85 11.49
38880 0.61 -17.28 15.77 15.65 20.04
38927 7.91 -9.64 -14.95 7.37 20.04
38960 8.35 -15.86 -5.96 -13.57 15.53
38992 13.91 -26.90 -7.06 -20.08 5.18
39025 7.94 -26.59 1.65 -2.43 5.18
39058 -0.77 -11.23 12.00 15.77 10.71
39091 0.19 -6.75 -3.84 5.30 20.04
39123 11.32 0.95 -20.08 8.51 13.38
39156 11.17 -12.32 -1.73 -5.45 1.61
39198 9.35 -26.14 -2.59 -20.08 0.24
39232 3.19 -29.84 3.69 -7.41 7.61
39266 -0.23 -15.95 9.77 20.04 20.04
39301 0.49 -3.61 1.06 20.04 16.16
39339 9.90 4.48 -11.22 10.94 15.85
39373 17.29 -14.35 -20.08 -18.44 -2.00
39408 15.34 -30.34 -3.06 -20.08 -4.63
39443 9.99 -14.77 5.69 12.51 8.55
39478 7.99 -2.02 5.18 20.04 14.75
39513 9.17 11.09 -4.12 14.44 6.79
39547 7.51 18.40 -1.53 14.40 16.36
39582 13.40 10.09 -9.53 -3.10 5.37
39625 14.94 8.33 -6.79 -2.04 19.85
39658 18.22 7.43 -4.12 0.12 9.57
39690 21.36 1.34 -13.49 -10.87 20.04
39723 16.87 -0.84 1.33 -2.35 10.63
39754 8.73 -31.66 3.33 -1.18 -4.67
39787 16.12 -18.67 -7.34 6.24 6.67
39820 12.56 -5.51 0.90 13.69 9.41
39852 11.19 1.08 -11.57 12.51 19.73
39884 13.83 6.77 -13.61 9.41 20.04
39916 11.60 17.93 1.61 11.30 5.45
39949 9.20 9.92 7.69 -6.55 14.47
39988 -5.11 -3.60 10.32 -3.22 1.65
40019 -4.84 -18.07 -1.88 -8.47 1.37
40060 -4.57 -23.54 -8.43 -20.08 19.42
40093 -2.42 -28.26 -0.82 -13.34 13.96
40126 2.55 -28.94 -7.88 -6.12 10.40
40159 7.19 -27.38 -2.79 -4.47 10.83
40192 2.79 -21.68 1.69 0.90 6.51
40224 10.48 -16.10 -10.90 6.12 20.04
40257 11.32 -4.86 -6.28 20.04 17.81
40290 12.11 1.59 -1.73 7.53 16.55
40323 5.58 11.38 12.87 16.12 17.10
40355 3.10 16.53 2.59 13.02 14.79
40388 -2.79 3.31 9.69 -10.94 6.59
40421 -5.39 -8.17 5.10 -15.30 8.43
40463 -2.28 -21.44 -3.92 -14.75 4.00
40496 -8.26 -17.47 3.22 0.43 6.16
40528 -8.04 -7.15 4.90 13.85 15.49
40561 -10.24 5.52 14.12 20.04 11.41
40594 -5.51 2.15 -2.55 -2.47 12.91
40627 -6.45 3.12 3.61 0.43 11.34
40659 -17.58 -1.88 8.08 -2.00 3.65
40692 -11.47 -14.47 -4.51 -11.18 3.65
40725 -6.28 -18.50 -5.88 -14.00 20.04
40758 -5.96 -28.45 -0.04 -13.10 4.90
40791 0.01 -28.66 -5.73 -13.73 20.04
40823 5.35 -32.37 -6.90 -8.43 8.51
40880 7.84 -30.76 1.73 -2.28 6.55
40912 6.47 -22.51 0.00 3.92 16.04
40945 7.09 -8.51 -7.02 18.44 14.20
40978 -3.91 1.82 20.04 20.04 20.04
41010 -1.23 11.03 -8.24 20.04 17.18
41042 -2.17 17.15 0.00 9.26 13.02
41075 1.82 20.91 -5.65 8.20 13.77
41108 9.09 23.93 -6.39 2.79 4.12
41141 2.84 6.31 2.63 -9.89 2.86
41172 1.83 0.70 -5.06 -9.69 20.04
41205 2.05 -10.02 -9.41 -19.30 10.75
41238 6.14 -14.46 -15.65 -16.04 20.04
41271 10.42 -19.37 -7.30 -12.36 11.96
41313 15.16 -16.06 -3.88 0.24 6.47
41345 7.61 -12.17 10.12 1.45 14.44
41377 7.45 -7.67 -3.73 4.20 20.04
41410 7.40 2.90 0.55 13.77 10.59
41443 4.02 13.51 4.16 20.04 11.26
41475 3.11 19.33 1.49 15.10 15.81
41507 0.55 23.43 1.53 14.59 20.04
41540 -1.67 23.54 5.30 3.18 8.67
41572 -4.58 18.97 3.06 -1.57 13.96
41605 -11.40 -0.89 3.45 -5.02 0.08
41637 -6.96 -16.89 -2.43 -10.79 0.55
41670 -9.18 -30.73 6.59 -14.32 1.02
41710 -7.77 -51.37 2.47 -20.08 -18.79
41743 -13.84 -58.04 4.04 -8.28 1.41
41776 -17.28 -48.16 6.63 0.51 8.47
41808 -6.07 -42.64 -20.08 -5.41 20.04
41856 -7.02 -23.11 2.39 17.89 9.14
41888 -3.14 -11.47 -7.69 16.04 20.04
41921 -4.48 -0.10 1.26 20.04 20.04
41954 -3.28 3.15 3.65 7.96 17.81
41986 -2.71 12.94 0.16 19.81 14.47
42018 -3.03 18.95 3.49 13.85 16.08
42054 0.66 18.79 -2.31 4.94 20.04
42090 -7.14 22.93 6.55 4.08 6.04
42123 -11.77 9.30 10.28 -11.10 5.33
42165 -14.81 -7.13 4.39 -10.75 2.94
42198 -13.00 -26.77 -0.35 -12.75 -4.75
42230 -8.26 -43.81 -0.78 -14.08 -6.86
42263 -0.41 -36.11 -12.51 0.55 20.04
42296 -2.58 -20.97 0.82 4.39 3.45
42329 -1.39 -12.73 -2.35 10.67 20.01
42361 3.24 -3.92 -7.14 13.10 18.08
42394 -2.67 4.11 5.53 9.30 12.36
42426 -1.09 8.48 0.12 8.47 20.04
42459 -3.03 18.31 1.80 11.65 7.26
42491 -2.12 18.27 -5.61 2.86 12.59
42524 -7.49 2.29 2.16 -8.59 3.49
42564 -6.73 -9.22 -0.63 -10.28 5.77
42597 -7.18 -23.73 -3.10 -20.08 3.77
42630 -12.29 -42.74 6.12 -13.18 -7.53
42662 -3.76 -37.52 -20.08 -3.73 20.04
42695 -1.37 -31.14 -0.47 -1.33 15.06
42728 0.51 -18.38 -4.98 17.46 20.04
42761 0.75 -7.02 -2.55 13.57 14.40
42808 -3.74 2.39 8.39 15.49 20.04
42845 -1.98 4.12 1.84 4.16 20.04
42876 -9.02 5.99 8.75 1.69 8.83
42909 -11.34 -13.21 8.08 -16.51 -2.20
42942 -16.58 -34.60 15.02 -18.91 -13.14
42984 -14.65 -44.51 -2.35 -16.44 4.12
43017 -14.52 -58.17 2.67 -9.34 -2.90
43049 -13.40 -50.00 0.55 -2.39 12.36
43082 -10.74 -36.98 -3.77 8.79 20.04
43115 -8.26 -18.78 -1.37 18.16 9.73
43148 -0.49 -9.07 -11.61 12.83 20.04
43181 -0.25 4.72 -1.26 19.14 8.36
43213 4.36 14.14 -5.88 15.18 10.16
43246 -1.59 8.24 3.61 -2.28 5.88
43278 -7.08 -6.83 9.45 -12.32 2.47
43311 -6.35 -19.43 -10.59 -16.36 5.26
43343 -7.47 -31.29 1.49 -20.08 2.75
43384 -6.53 -36.48 1.57 -20.08 12.00
43417 -8.56 -42.64 10.55 -19.10 5.81
43450 -0.21 -56.31 -3.84 -17.93 -5.88
43483 10.24 -50.54 -20.08 -3.14 9.18
43514 9.87 -41.44 -2.71 1.45 20.04
43547 17.03 -35.79 -7.06 -1.18 7.26
43580 12.38 -35.44 4.98 -2.82 5.26
43613 9.05 -19.72 1.65 11.26 8.94
43645 15.52 -10.96 -14.67 8.87 20.04
43678 18.53 5.63 -6.12 18.48 4.86
43710 12.69 16.58 7.49 20.04 11.02
43764 9.62 18.97 1.80 7.37 18.99
43797 -3.87 -17.84 5.77 -0.24 -1.84
43839 -17.24 -45.77 19.06 -6.16 -14.95
43872 -18.71 -50.29 4.86 -14.08 7.73
43905 -14.21 -54.41 -2.63 -18.83 6.35
43937 -8.60 -62.46 13.93 -19.50 0.31
43970 -8.00 -72.16 -0.51 -14.95 -5.33
44003 -2.64 -69.46 -2.51 -10.87 8.94
44036 -9.86 -89.37 3.49 -1.69 -5.84
44067 -15.11 -53.06 10.75 9.34 -4.63
44100 -7.45 -37.10 -20.08 11.65 20.04
44133 -9.19 -22.18 13.57 20.04 20.04
44173 -8.55 -2.29 2.63 19.30 2.67
44206 -7.80 10.14 -2.35 20.04 11.96
44247 -6.39 17.39 -4.51 17.02 17.46
44279 -7.06 17.40 -0.24 4.04 20.04
44312 -10.72 11.97 10.51 -5.92 20.04
44345 -14.13 -4.25 15.81 -16.36 3.22
44378 -19.01 -15.42 9.38 -13.96 6.83
44410 -14.76 -27.54 -4.47 -19.38 3.49
44443 -3.35 -43.33 -7.30 -4.12 -1.80
44476 2.05 -52.87 -2.47 -9.10 -0.51
44509 2.72 -44.61 -2.20 -0.63 19.14
44541 -12.25 -58.69 8.98 -2.82 -1.18
44574 -10.31 -42.96 -0.63 13.34 20.04
44607 -11.64 -31.68 11.34 7.41 20.04
44661 -14.39 -18.71 11.18 15.02 20.04
44694 -7.92 -0.95 -3.53 14.55 5.81
44727 -10.82 5.89 4.20 7.96 13.30
44759 -11.42 15.29 2.55 7.65 6.63
44791 -11.60 9.75 6.86 -7.61 16.71
44824 -8.67 -16.38 1.84 -7.22 -6.43
44858 -13.16 -18.09 8.00 -6.39 15.61
44891 -12.61 -28.62 -2.47 -11.34 2.20
44923 -20.74 -31.68 5.37 -1.69 1.77
44956 -2.89 -35.87 -3.88 -0.86 0.63
44990 -7.13 -25.52 7.49 1.96 4.47
45023 -4.45 -26.49 4.79 -10.67 19.57
45064 -0.77 -29.36 -8.75 -9.38 11.49
45096 -15.48 -37.53 7.14 -4.04 1.69
45129 -18.95 -49.58 10.20 -12.55 -2.00
45162 -22.59 -53.36 14.47 -12.83 5.96
45195 -22.53 -53.09 13.34 -16.95 12.12
45228 -17.43 -60.37 -2.51 -15.18 0.86
45261 -13.50 -56.10 13.06 -11.81 20.04
45294 -10.97 -71.50 4.31 -14.32 -11.69
45327 -15.88 -84.86 4.39 -7.96 -7.88
45360 -9.43 -74.81 -6.71 -4.12 9.57
45392 -12.90 -62.14 10.08 0.82 17.22
45425 -13.29 -51.94 15.53 0.00 20.04
45467 -8.13 -42.33 -3.10 3.88 20.04
45500 -2.49 -15.38 -7.18 14.95 -3.73
45534 -2.37 -2.33 -1.10 17.53 14.91
45566 2.82 8.86 -5.92 20.04 16.67
45599 1.71 14.55 -1.57 9.22 20.04
45632 -2.83 22.65 2.35 10.36 8.51
45680 -2.98 27.82 1.29 10.47 12.59
45713 -2.80 17.10 -1.26 -5.57 6.55
45746 -1.92 7.24 -3.80 -17.26 18.04
45778 -1.60 -8.46 2.59 -20.08 6.16
45811 -1.92 -18.07 0.39 -14.32 7.73
45844 3.92 -31.26 -3.18 -7.10 0.27
45886 8.85 -44.37 -0.75 -14.04 -1.57
45921 10.47 -53.21 -4.55 -20.08 -1.02
45955 14.52 -53.76 -4.20 -11.57 9.69
45993 14.19 -54.39 -5.88 -18.32 14.55
46029 9.42 -63.08 1.53 -10.79 -0.12
46064 6.90 -70.73 2.39 -20.08 -2.16
46099 11.03 -78.93 -11.85 -19.61 -5.57
46134 8.27 -72.42 -0.35 -11.57 13.69
46170 14.44 -72.39 -6.24 -12.91 4.63
46204 13.30 -80.72 -3.18 -6.35 -2.16
46239 4.73 -59.13 9.85 12.04 16.87
46277 7.46 -38.60 -5.06 20.04 17.30
46324 0.85 -23.62 8.32 10.79 14.28
46357 0.35 -15.00 -0.43 4.59 13.89
46390 -3.74 19.50 0.98 3.77 -7.26
46423 -7.29 11.12 2.86 -9.53 14.12
46454 -7.93 -3.23 8.59 -17.93 4.98
46487 -6.28 -18.17 -3.80 -20.08 1.29
46520 -5.14 -23.97 13.18 -19.61 17.26
46553 -3.85 -40.14 -3.45 -14.75 -3.96
46585 -4.76 -36.06 4.71 -5.45 20.04
46618 3.51 -17.65 -3.26 4.47 2.28
46651 -1.36 0.18 5.88 5.30 2.04
46684 1.95 7.95 -15.81 14.75 20.04
46724 2.18 16.98 -11.85 20.04 20.04
46756 8.16 22.65 -17.73 20.04 20.04
46789 2.64 36.86 7.81 17.81 0.20
46822 3.67 40.58 -9.69 20.04 17.53
46855 2.22 45.41 -4.28 17.14 10.47
46888 3.87 45.20 0.08 8.28 11.06
46921 -1.87 51.34 10.40 20.04 8.94
46954 3.25 58.98 -12.32 14.98 3.26
46987 -3.47 64.58 3.84 6.79 1.10
47020 -10.19 30.66 13.61 -10.94 -8.51
47052 -11.82 16.62 9.30 -16.20 15.06
47085 -12.23 3.68 11.61 -20.08 12.24
47119 -8.35 -21.82 -5.41 -16.99 -20.08
47161 -10.04 -43.16 -0.78 -15.89 -10.40
47194 -8.08 -55.43 1.61 -20.08 -3.80
47226 -1.69 -70.17 -1.69 -18.01 -11.57
47260 2.02 -79.05 -9.49 -19.53 -9.57
47293 3.08 -88.80 0.71 -10.08 -4.39
47326 8.34 -74.20 -20.08 -0.20 20.04
47358 8.60 -60.93 -8.59 1.10 20.04
47391 15.75 -44.83 -20.04 15.42 20.04
47424 4.61 -24.41 12.04 14.51 6.24
47457 6.28 -10.93 -2.31 20.04 18.04
47490 12.22 -4.79 -20.08 7.85 20.04
47522 13.30 13.12 -7.61 18.16 2.71
47563 18.22 -12.09 -7.18 -2.28 -1.88
47596 11.75 -25.78 8.20 -15.34 0.31
47647 8.55 -41.82 6.67 -15.85 -2.67
47683 2.62 -47.12 11.38 -20.08 9.30
47716 -1.53 -4.35 2.82 0.51 -7.88
47749 6.81 1.98 -12.79 6.32 20.04
47781 -0.12 0.18 9.06 -2.86 14.83
47814 5.33 -6.48 -14.59 -17.02 19.02
47847 5.52 20.39 -0.82 4.63 -4.86
47880 -2.17 21.36 9.22 2.43 6.55
47912 -6.42 2.89 2.20 -4.55 0.67
47945 -8.12 28.74 7.49 8.39 -12.16
47987 -2.21 22.86 -4.71 -1.80 11.18
48020 -4.39 18.97 9.61 -0.43 20.04
48054 -18.92 38.49 7.53 0.63 -0.39
48087 -15.34 32.90 -6.63 2.35 20.04
48119 -19.16 20.76 7.18 -6.20 9.26
48152 -8.10 45.83 -3.10 1.33 -2.59
48185 0.53 37.19 -10.51 -2.79 20.04
48218 -2.23 40.32 3.65 5.33 5.14
48250 -4.46 28.84 4.75 -7.45 12.20
48283 -12.00 33.31 15.34 8.63 8.08
48316 -20.65 18.79 7.49 -5.69 5.02
48349 -15.37 19.98 -1.41 6.08 13.22
48389 -12.49 14.48 0.04 -3.14 20.04
48429 -10.66 16.41 -1.10 3.30 9.10
48462 -17.09 6.55 3.45 -2.16 2.86
48495 -17.27 9.99 1.41 2.59 6.71
48528 -13.58 7.47 -4.82 0.47 20.04
48561 -9.83 -20.72 -1.53 -6.00 -8.71
48606 -11.20 -22.85 5.41 -5.69 11.81
48642 -13.41 -43.51 7.41 -20.08 -10.98
48674 -8.34 -44.83 -10.12 -19.22 20.04
48708 0.49 -30.13 -16.87 20.04 20.04
48741 -2.51 -36.82 2.51 -15.85 7.57
48774 -3.68 -43.32 -1.73 -10.36 4.39
48806 -7.04 -27.02 3.61 20.04 20.04
48848 -2.79 -35.31 -2.67 -12.79 5.02
48881 0.64 -49.61 1.37 -20.08 -4.24
48914 -1.22 -33.77 2.82 20.04 20.04
48948 1.54 -13.46 -4.71 20.04 2.55
48980 -4.41 -13.06 4.59 -4.08 16.08
49013 -9.47 -0.59 8.83 9.69 8.71
49046 -11.84 5.68 0.90 9.30 16.75
49079 -10.49 12.67 1.14 13.18 15.73
49112 -13.79 9.82 8.04 -2.00 13.61
49144 -5.06 5.34 -10.51 -5.77 16.24
49177 -2.65 8.68 -4.04 4.94 13.14
49210 -6.94 2.01 2.94 -5.92 9.81
49250 -10.66 16.09 3.02 7.22 1.77
49283 -20.45 3.50 14.44 -6.24 4.94
49315 -10.85 7.01 -8.47 3.37 9.22
49348 -16.15 6.18 10.20 0.08 10.63
49381 -13.58 6.97 0.63 1.18 8.28
49414 -21.57 0.05 11.92 -2.98 4.98
49446 -15.92 -7.55 2.98 -9.81 11.30
49479 -13.24 5.19 -0.20 14.75 7.14
49512 -11.08 22.22 1.26 17.14 -2.82
49545 -15.42 15.07 7.96 -2.08 6.16
49590 -11.43 15.97 2.08 5.30 19.22
49626 0.06 23.45 -20.08 19.22 20.04
49658 -1.38 29.05 -0.67 20.04 18.36
49699 -5.04 13.53 0.75 -9.14 7.02
49732 -3.74 -0.26 -6.32 -20.08 12.16
49766 -1.83 16.31 -2.79 18.63 2.47
49799 -9.17 21.43 12.63 20.04 20.04
49831 -16.88 -1.61 6.43 -5.33 -0.98
49864 -20.28 -21.37 11.89 -20.08 -5.57
49897 -26.86 -24.74 17.93 -4.86 7.18
49930 -27.22 -12.64 13.45 18.24 17.10
49963 -32.91 -24.89 15.89 -10.98 3.26
49995 -25.28 -36.21 -7.37 -20.08 2.71
50028 -30.08 -28.80 11.89 2.67 11.81
50061 -26.42 -14.24 17.18 20.04 14.59
50102 -24.49 -29.83 12.12 -8.47 -0.39
50135 -23.57 -42.53 5.37 -20.08 -0.86
50167 -27.66 -36.09 9.49 -0.16 13.34
50200 -29.60 -18.96 10.28 20.04 13.30
50233 -31.34 -30.77 7.41 -12.47 1.96
50266 -24.50 -41.92 -1.53 -20.08 3.96
50298 -25.53 -23.54 10.04 14.32 8.71
50331 -18.34 -10.36 -20.08 19.65 20.04
50364 -30.94 -3.53 12.79 1.41 2.82
50397 -27.25 -15.16 6.47 -8.55 5.10
50429 -21.88 -28.36 0.35 -19.93 2.00
50479 -19.93 -9.10 1.22 18.63 6.83
50511 -5.82 1.00 -19.53 20.04 20.04
50560 -7.23 -15.35 3.80 -19.50 1.26
50595 -5.66 -30.83 -2.24 -20.08 -1.06
50628 4.35 -48.28 -10.90 -14.20 -6.59
50661 3.28 -33.57 4.43 11.30 14.04
50694 -5.45 -16.73 16.63 17.85 12.43
50726 -3.20 -2.86 -9.26 20.04 17.61
50759 -1.72 5.13 5.61 10.63 13.14
50792 9.12 -7.97 -5.57 -3.37 1.45
50825 8.91 -24.49 -1.69 -20.08 -3.33
50857 8.56 -32.27 1.37 -19.50 9.92
50889 6.38 -7.87 -0.55 10.79 -0.08
50930 6.91 1.26 -10.55 20.04 20.04
50963 6.73 7.51 -0.16 10.67 20.04
50995 11.14 -20.90 -2.43 -9.69 -13.96
51027 12.39 -33.90 -2.94 -20.08 0.35
51060 9.25 -46.62 6.00 -20.04 -2.20
51093 3.21 -36.81 6.94 3.53 20.04
51126 1.65 -21.75 3.30 20.04 20.04
51159 5.58 -9.23 -13.49 20.04 20.04
51190 4.56 -3.76 -1.69 4.47 12.20
51223 11.31 -13.03 -13.38 -15.34 8.71
51256 8.37 -24.33 2.63 -20.08 6.32
51289 -6.88 -10.70 20.04 8.94 7.18
51331 -10.48 3.83 8.39 18.32 10.12
51362 -9.13 10.38 7.81 11.61 16.91
51395 -7.64 5.24 -4.31 -9.81 20.04
51428 -13.01 -18.60 16.04 -20.08 -13.73
51461 -10.77 -33.20 5.65 -20.08 -1.80
51514 -15.94 -15.66 1.88 20.04 5.41
51547 -19.22 -7.89 7.69 14.79 20.04
51579 -18.05 -12.82 1.84 -13.93 19.69
51612 -10.76 -24.20 -12.12 -20.08 5.10
51645 -1.66 -30.31 -9.10 -12.00 8.36
51678 -2.58 -10.80 1.41 20.04 4.59
51710 -0.85 0.25 -10.67 20.04 20.04
51750 -3.65 -4.39 10.40 -11.49 20.04
51783 -2.52 -13.88 -3.84 -20.08 13.42
51816 -2.41 -25.07 -0.24 -20.08 5.10
51849 -9.05 -34.56 4.79 -5.14 1.53
51881 -8.87 -17.81 8.12 20.04 13.38
51914 -13.59 -5.73 11.73 20.04 16.75
51947 -12.71 1.44 -0.35 4.16 7.26
51979 -10.27 0.28 2.24 -2.82 20.04
52012 -12.13 -16.08 20.04 -20.04 -2.31
52044 -15.53 -38.27 5.57 -11.85 -13.96
52077 -10.11 -22.92 -17.69 20.01 20.04
52110 -11.38 -10.94 5.18 20.04 20.04
52152 -4.41 -12.25 -9.69 -6.98 20.04
52184 -5.59 -23.52 3.10 -20.08 5.18
52216 -0.58 -36.38 0.31 -16.44 3.53
52249 -6.28 -22.75 8.20 15.02 20.04
52282 -3.35 -6.10 -7.26 20.04 8.51
52315 -6.30 3.63 9.45 9.69 9.41
52346 -18.20 2.20 6.04 -0.55 4.71
52387 -11.83 0.90 -0.78 -1.37 15.93
52423 -2.32 -25.32 -5.92 -12.20 -14.40
52456 -5.60 -8.13 11.73 20.04 9.22
52489 -0.88 -3.52 -1.53 5.06 20.04
52521 8.76 0.62 -15.42 5.33 19.65
52566 11.29 -1.76 -2.47 -3.18 13.65
52603 13.66 8.09 3.14 20.04 20.04
52637 15.12 11.30 5.45 8.83 20.04
52675 23.10 -4.04 -20.08 -9.06 2.86
52710 18.89 -22.92 3.45 -20.08 -3.65
52745 3.77 -15.94 10.47 1.92 5.61
52780 -2.81 -8.27 2.71 2.47 5.92
52814 -12.00 -21.52 12.63 -12.20 2.86
52850 -9.25 -21.51 -0.75 -3.84 10.71
52885 -14.52 -22.94 4.43 -3.77 7.61
52920 -9.30 -16.80 -7.73 2.98 19.57
52955 -2.15 -13.09 -16.16 0.31 20.04
52989 2.57 -7.01 -8.16 5.30 16.28
53033 0.91 -34.99 -0.04 -0.94 -1.45
53065 1.34 -27.03 -1.49 1.92 14.20
53098 -2.04 -19.94 3.84 2.28 11.49
53130 -3.72 -21.45 1.06 -4.04 7.22
53163 -7.99 -12.27 3.88 2.86 5.22
53195 -6.17 -14.54 -0.04 -3.37 7.45
53227 -8.85 -9.07 1.96 1.88 7.53
53260 -4.96 -9.17 -1.92 -1.53 8.32
53292 -3.28 -5.54 -1.49 1.77 14.12
53324 -4.86 -2.38 0.78 4.59 20.04
53356 -18.91 -24.88 8.63 -1.10 -0.71
53389 -18.10 -23.02 1.77 -2.00 8.39
53448 -15.86 -19.32 -0.08 -0.43 9.89
53481 -8.96 -20.89 -3.06 -4.24 7.81
53513 -6.03 -15.97 -0.16 0.35 4.43
53545 -22.08 -46.37 8.79 -0.08 -0.71
53578 -15.37 -34.66 -7.14 5.02 20.04
53611 -7.83 -29.91 -7.96 -2.20 15.30
53644 -13.80 -31.51 7.49 -2.90 4.04
53677 -14.37 -26.16 3.41 0.16 11.77
53709 -19.40 -23.34 4.20 -1.10 5.02
53742 -24.90 -20.40 4.71 -0.63 5.18
53775 -17.18 -17.65 -4.55 -0.39 8.16
53808 -6.88 -21.44 -4.47 -2.12 3.02
53849 -11.00 -24.07 4.59 -2.82 4.63
53881 -14.11 -19.72 4.24 0.27 7.26
53914 -16.27 -13.33 2.82 3.18 11.41
53947 -11.80 -11.76 -3.06 -1.06 10.59
53980 -7.16 -10.40 -4.79 -1.45 13.38
54012 -12.40 -13.83 3.65 -2.71 4.39
54044 -7.02 -8.90 -3.65 1.69 8.90
54077 -13.71 -12.74 5.92 -3.77 5.77
54110 -6.36 -11.06 -2.04 -0.51 3.92
54142 -10.40 -13.16 2.59 -2.39 5.73
54175 -10.68 -7.51 2.59 3.37 11.22
54207 -13.83 -1.84 5.77 3.88 9.69
54248 -7.04 -0.94 -5.30 0.04 14.55
54281 -4.69 -9.27 -0.16 -6.39 6.08
54312 -2.83 -3.11 -0.98 6.71 15.34
54345 -8.16 -2.05 5.69 0.12 9.89
54396 -10.63 -18.51 4.67 -10.98 0.67
54429 -10.52 -30.87 2.79 -15.85 2.28
54462 -2.38 -17.76 -13.65 15.57 20.04
54495 6.22 -12.30 -19.85 5.49 20.04
54528 -0.27 -18.78 10.12 -16.48 13.53
54560 10.07 -31.87 -20.08 -12.16 -0.12
54594 13.97 -17.23 -20.08 20.04 20.04
54627 6.09 -26.20 8.90 -14.83 6.79
54675 11.07 -10.23 -9.06 20.04 20.04
54708 23.21 -1.45 -20.08 7.49 7.73
54740 23.04 -16.07 -4.90 -20.08 3.10
54774 26.43 -3.98 -20.08 20.04 20.04
54807 27.25 -5.39 -10.12 -7.37 20.04
54840 15.92 -2.81 15.49 -0.75 16.59
54873 10.96 4.76 5.53 15.53 20.04
54905 6.41 -4.57 1.57 -8.08 6.43
54938 -4.64 -22.13 17.06 -20.08 -3.45
54971 1.73 -10.25 -20.08 20.04 20.04
55004 -6.46 -14.92 12.91 -10.28 10.55
55036 -5.40 -24.81 3.53 -20.08 8.32
55070 -5.81 -17.54 -0.12 4.79 20.04
55110 -14.78 -28.20 20.04 -17.89 7.69
55143 -13.88 -46.49 0.59 -10.67 -6.98
55177 -19.14 -28.20 15.22 20.04 13.69
55209 -19.55 -21.62 3.02 1.61 11.41
55242 -13.30 -35.57 -4.00 -20.08 -1.80
55275 -4.00 -21.95 -16.95 20.04 20.04
55308 -10.12 -26.47 14.47 -7.14 6.90
55356 2.23 -14.03 -20.08 15.69 20.04
55392 -10.11 -31.26 14.47 -7.14 -1.88
55425 -7.29 -19.63 -3.02 12.40 16.36
55457 -3.27 -30.66 -6.32 -19.65 5.10
55500 -4.28 -15.82 6.59 17.22 17.57
55533 -11.82 -21.57 20.04 -14.32 14.75
55566 -5.84 -36.48 -8.16 -20.08 -0.31
55599 -2.90 -21.99 -8.16 14.36 20.04
55631 -4.93 -32.76 0.39 -20.08 6.47
55664 4.57 -21.51 -20.08 14.75 20.04
55698 -1.23 -36.94 19.38 -20.08 -5.73
55731 -7.33 -21.71 20.04 20.04 20.04
55763 -10.83 -30.04 3.92 -10.83 4.20
55796 -8.04 -42.70 -0.20 -11.92 -1.73
55829 -11.41 -24.35 13.06 18.32 10.98
55862 -8.92 -38.23 3.26 -20.08 -0.43
55903 3.16 -21.12 -16.20 13.45 20.04
55936 -1.86 -9.82 7.34 11.53 15.38
55968 -2.75 -12.84 0.16 -5.06 10.00
56001 7.44 -24.09 -18.79 -20.08 8.04
56034 8.15 -30.35 1.14 -17.65 9.18
56067 6.87 -40.15 -0.75 -19.53 3.22
56099 4.26 -47.95 4.98 -20.08 1.96
56132 -4.55 -49.35 12.08 -13.81 10.63
56165 -4.09 -55.43 4.59 -19.53 4.39
56198 -7.11 -60.25 3.88 -16.63 4.79
56230 -12.73 -65.21 15.42 -20.08 2.98
56263 -16.29 -67.38 9.34 -20.08 6.86
56320 -18.05 -69.75 8.63 -20.08 8.00
56352 -20.31 -71.47 10.79 -20.08 6.35
56386 -21.46 -68.65 13.38 -17.77 12.08
56419 -20.98 -69.24 5.18 -18.87 9.49
56452 -16.65 -72.98 0.47 -20.08 5.69
56484 -11.29 -70.58 -11.14 -20.04 13.22
56517 -2.05 -76.54 -15.89 -16.12 -2.00
56551 -8.24 -72.41 8.36 -10.51 10.83
56584 -19.69 -67.71 10.79 -4.35 5.30
56616 -16.62 -47.10 9.02 19.34 18.32
56649 -16.18 -23.04 5.10 20.04 2.71
56682 -14.15 -14.69 -1.26 6.32 19.53
56723 -3.65 -28.25 -8.87 -13.02 3.65
56759 -4.95 -43.21 8.00 -20.08 -6.28
56796 -7.24 -30.36 -0.08 7.53 18.12
56828 3.08 -19.41 -20.08 5.57 20.04
56861 5.79 -12.50 -2.31 7.37 20.04
56894 10.22 -31.23 -10.20 -10.83 -4.55
56927 0.27 -40.36 7.77 -20.08 2.31
56960 -9.88 -26.58 8.79 5.06 7.53
56993 -1.01 -11.77 -20.08 20.04 20.04
57026 -1.03 -3.92 -1.61 6.16 13.18
57059 10.33 -5.42 -19.61 -3.18 11.10
57092 18.74 -25.43 -16.24 -18.59 -10.51
57134 22.69 -11.76 0.20 20.04 10.32
57167 16.55 0.81 8.83 20.04 20.04
57200 18.93 -8.58 -11.89 -14.28 10.12
57233 13.44 -17.18 -0.24 -14.40 8.24
57266 9.86 -5.87 1.53 10.87 12.20
57316 10.56 0.36 -0.98 3.37 10.04
57349 14.91 -13.38 -9.38 -20.08 5.18
57381 5.63 -3.23 13.18 12.40 15.65
57414 1.76 7.57 2.35 20.04 16.51
57447 19.79 21.22 -10.04 2.67 0.75
57480 14.54 -5.18 4.63 -20.08 -11.34
57512 15.67 -11.36 -14.55 -20.08 20.04
57553 10.24 -2.25 -5.57 12.55 20.04
57587 15.39 1.72 -20.08 6.28 20.04
57620 17.61 3.91 -8.20 1.49 20.04
57653 19.62 -5.45 -11.53 -12.40 10.40
57686 17.90 -20.91 -0.90 -20.08 -1.18
57718 4.56 -17.64 11.18 -0.59 6.32
57751 10.39 -4.34 -13.69 20.04 20.04
57784 14.14 1.06 -20.08 7.61 20.04
57818 18.04 0.72 -9.73 -0.27 20.04
57850 22.00 8.40 -4.94 5.73 6.51
57883 16.07 -0.95 0.47 -6.59 6.51
57916 16.90 -8.39 -1.84 -6.35 6.98
57949 13.93 -12.28 1.92 -8.28 18.59
57991 4.62 -29.07 7.53 -16.00 -0.55
58023 -1.05 -36.83 -0.16 -18.01 7.41
58056 -7.50 -42.45 3.57 -20.08 10.36
58089 -4.79 -46.79 -5.65 -20.08 10.87
58122 -5.84 -56.69 2.63 -20.08 -2.24
58155 -12.80 -54.69 14.40 -14.12 13.81
58188 -11.47 -34.40 1.49 9.61 5.57
58221 -13.09 -19.80 11.61 20.04 18.71
58267 -21.30 2.61 10.00 4.67 0.67
58303 -15.40 -11.11 -2.86 -12.94 5.53
58336 -17.20 -20.89 13.10 -17.85 9.34
58369 -13.35 -4.34 -3.41 20.04 8.24
58408 -12.93 5.86 4.00 6.16 7.06
58442 -4.57 -11.30 -5.69 -18.79 -0.35
58475 1.56 -30.28 -4.16 -19.26 -6.24
58508 3.74 -15.51 -5.77 19.18 16.04
58541 2.15 1.79 3.84 20.01 4.59
58573 0.78 -15.42 -3.69 -14.16 -0.78
58606 -1.21 -32.70 -4.79 -20.08 -5.81
58639 5.43 -15.16 -4.86 20.04 9.96
58672 5.33 -2.15 -4.00 17.06 12.24
58704 9.90 -16.43 -20.08 -19.42 2.55
58737 -1.61 -27.41 12.20 -20.08 5.10
58771 -9.94 -11.93 20.04 20.04 12.63
58813 4.66 -26.37 -8.08 -7.53 -1.61
58846 2.29 -38.31 4.00 -20.08 0.86
58885 5.71 -23.66 -20.08 20.04 20.04
58917 7.25 -25.00 4.79 -10.32 20.04
58951 0.32 -36.77 11.77 -20.08 2.67
58984 -0.61 -19.89 4.31 10.75 11.57
59017 -1.85 -8.07 20.04 20.04 20.04
59049 -4.29 -16.05 1.10 -20.08 13.85
59082 6.01 -18.24 -20.08 -4.63 8.71
59115 3.28 -6.51 4.55 20.04 19.26
59148 -0.98 -10.18 3.92 -5.30 9.73
59182 -0.35 -18.09 -3.73 -20.08 13.02
59241 15.40 -13.16 -20.08 -4.12 20.04
59278 25.16 -27.00 -13.61 -5.73 0.78
59317 16.55 -44.98 9.10 -20.08 -8.51
59353 15.66 -31.14 2.51 18.36 20.04
59387 3.40 -56.73 6.28 -11.30 -20.08
59423 -2.13 -66.56 3.45 -20.08 -4.16
59459 -6.06 -61.27 -2.04 -5.84 8.83
59494 -11.51 -41.50 12.16 20.04 19.89
59530 -11.92 -38.45 4.94 -3.69 12.91
59565 -6.97 -51.80 -9.96 -20.08 -4.79
59600 -3.48 -36.25 -10.51 14.00 20.04
59635 -6.59 -22.78 20.04 20.04 20.04
59680 1.61 -34.75 -10.51 -20.08 2.12
59713 2.74 -20.53 -3.49 16.59 20.04
59746 -4.77 -8.14 20.04 20.04 20.04
59778 -2.61 -15.12 -4.94 -11.14 9.69
59810 0.29 -28.46 -10.94 -20.08 -0.78
59843 -4.59 -12.07 8.79 20.04 14.12
59876 -7.26 -18.70 3.73 -12.08 11.92
59909 2.49 -40.32 -15.46 -18.55 -18.91
59941 1.03 -25.66 9.45 20.04 20.04
59973 3.78 -26.27 -4.59 -8.00 15.06
60006 1.96 -39.22 -3.18 -20.08 -1.96
60039 1.60 -24.28 4.71 20.04 20.04
60079 -12.65 -10.15 18.55 4.08 2.67
60111 -7.35 -29.55 -4.79 -20.08 -9.06
60144 1.21 -24.95 -18.24 -2.79 20.04
60178 0.61 -11.88 -11.96 20.04 20.04
60211 -6.30 -24.91 18.08 -20.08 1.29
60243 -0.39 -28.78 -11.41 -20.08 17.69
60276 -2.90 -15.42 8.39 20.04 20.04
60309 -13.48 3.99 20.04 13.49 -2.12
60342 -11.01 -18.12 -0.94 -20.08 -11.26
60375 2.76 11.92 -18.79 1.49 -1.88
60407 5.19 19.10 -2.24 18.87 19.42
60440 -10.00 43.64 13.14 0.47 -0.63
60481 -9.04 21.51 -5.02 -20.08 1.69
60514 -4.15 -6.41 -10.04 -20.08 -20.08
60547 0.58 -12.40 -0.31 -10.47 11.92
60579 -2.74 -8.13 13.02 3.26 19.14
60612 -3.54 27.29 3.37 0.04 -15.34
60645 2.56 22.84 -11.41 -2.24 16.00
60678 5.85 25.21 -20.08 7.57 20.04
60710 19.40 34.81 -16.99 3.88 1.10
60743 18.62 25.94 0.27 -7.92 20.04
60776 12.96 19.04 12.67 -7.49 20.04
60808 10.66 14.13 -2.39 -4.16 18.16
60840 11.92 10.97 0.51 -2.63 20.04
60881 3.46 41.26 17.38 1.80 -9.53
60914 15.40 43.13 -6.83 3.41 3.33
60946 7.04 33.66 5.96 -1.80 6.04
60982 0.30 22.21 6.55 -4.51 7.37
61018 -7.12 -12.85 9.61 -2.55 -10.24
61050 -16.20 -9.45 5.81 0.31 4.08
61083 -10.97 -5.78 -5.81 2.90 20.04
61116 -8.86 -5.35 -0.08 -0.98 10.04
61149 -8.80 -3.07 0.63 1.06 10.90
61204 -2.14 32.89 -0.82 0.47 -5.49
61236 1.18 29.75 0.31 2.75 19.81
61268 -9.18 3.94 2.24 -2.59 -0.59
61301 -3.49 -28.53 -6.59 -1.37 -20.08
61343 -3.87 -20.94 1.22 7.49 20.04
61376 -1.41 -19.52 -2.82 -2.08 19.77
61409 -8.28 -14.26 4.43 2.75 9.77
61442 -7.73 -12.73 0.78 -0.55 11.38
61474 -15.02 -4.53 8.83 4.16 4.71
61507 -23.71 -25.24 1.92 -0.90 -0.43
61540 -15.06 -22.35 -10.71 -2.71 14.04
61573 -22.07 -20.48 6.75 -1.18 7.34
61604 -19.62 -14.36 -6.32 8.39 17.65
61637 -23.70 -37.51 2.20 -5.61 -4.98
61670 -11.59 -35.92 -6.08 -6.51 11.18
61703 -6.29 -30.68 -2.75 -0.82 15.77
61744 -9.69 4.33 4.86 4.47 -9.61
61775 -6.12 6.74 -5.61 2.86 17.61
61808 6.46 4.73 -12.43 -2.12 20.04
61841 -8.32 13.03 8.63 2.82 1.88
61874 -13.62 -22.47 6.59 -0.31 -7.41
61906 -7.00 -16.43 -5.53 1.26 5.69
61939 0.22 -10.00 -13.61 5.49 12.47
61972 0.66 -15.25 1.29 -3.80 3.88
62004 2.36 -9.61 1.41 2.51 8.83
62036 3.56 -4.56 -2.16 3.45 12.00
62069 -4.86 3.27 6.47 3.30 4.28
62114 5.93 1.25 -3.77 -0.04 4.71
62159 8.37 1.72 -7.53 0.75 20.04
62192 5.85 0.16 -1.33 -2.47 15.73
62224 -7.95 -3.11 8.79 -1.84 6.75
62257 -11.68 24.71 3.57 3.18 -3.33
62289 -5.16 13.89 -0.94 -2.79 3.41
62322 -3.47 13.02 0.39 1.53 14.28
62355 5.13 3.14 -4.12 -4.67 4.71
62387 2.15 25.47 1.92 8.12 -5.14
62419 6.57 23.47 -10.00 5.41 20.04
62452 -3.71 19.93 6.98 2.39 18.28
62485 -5.21 15.55 0.16 -3.10 20.04
62518 -6.84 44.23 1.10 2.98 -11.65
62551 2.33 36.81 -6.86 -1.37 11.65
62590 3.55 35.25 -5.33 4.47 9.96
62623 5.30 27.91 -5.18 -2.63 20.04
62656 -3.09 -11.89 10.67 -0.31 -10.51
62689 2.88 21.12 -4.00 2.16 -7.22
62721 -0.25 12.08 4.59 -4.63 8.20
62753 10.67 11.82 -7.61 0.00 12.71
62786 15.22 38.86 -3.33 2.24 -5.92
62819 22.96 35.43 -8.90 0.71 5.37
62852 21.47 33.46 -1.14 3.57 8.47
62883 24.38 30.27 -4.86 2.55 12.91
62916 16.05 21.31 8.75 -5.22 10.94
62949 9.80 26.65 2.12 3.22 2.98
62982 6.15 25.35 1.33 3.22 8.87
63023 6.11 17.37 0.55 -3.61 12.55
63070 5.38 14.67 1.02 1.33 14.20
63112 5.19 16.79 -1.14 4.47 14.16
63144 11.86 -14.40 -5.33 -9.45 -16.28
63177 -2.73 -27.14 7.10 -3.96 1.06
63210 0.10 -16.78 -1.92 2.63 4.47
63243 -3.26 -13.68 10.20 -0.24 11.89
63276 -11.60 -13.92 11.77 -0.35 6.67
63308 -19.77 -13.23 7.45 -0.86 8.28
63341 -27.22 -14.17 5.14 -1.02 4.28
63374 -20.17 -5.93 -6.55 8.87 11.77
63407 -12.46 25.93 -3.41 4.00 -20.08
63447 -9.67 28.57 -3.14 7.49 10.59
63479 -15.31 24.43 3.37 0.63 5.53
63512 -12.95 19.81 -3.26 -0.90 11.89
63545 -12.02 27.10 -0.16 7.45 4.75
63578 -17.36 42.27 3.45 4.35 -1.10
63610 -23.20 64.75 8.75 2.63 -7.49
63643 -19.83 55.43 -8.28 1.69 18.99
63676 -18.47 46.39 3.37 -2.28 20.04
63708 -18.10 36.97 5.26 -3.10 12.00
63740 -24.84 28.80 5.69 -0.71 3.33
63773 -30.47 14.74 4.90 -2.86 2.71
63806 -37.44 -16.06 12.67 -5.02 -7.30
63839 -40.88 -10.06 4.28 1.69 4.24
63881 -50.52 22.45 3.41 0.24 -1.14
63913 -42.28 22.37 -0.94 3.02 8.67
63945 -35.66 20.10 4.98 4.79 20.04
63978 -26.16 15.15 -3.30 -4.90 20.04
64022 -19.06 4.81 -1.88 -5.14 5.22
64058 -13.35 6.47 -1.37 2.35 10.90
64091 -11.62 25.31 0.51 4.47 -1.10
64123 -17.11 22.13 10.43 1.53 15.53
64156 -20.35 38.48 8.83 15.97 -8.63
64189 -25.55 56.47 9.02 5.33 -5.22
64222 -27.71 51.54 -0.67 5.92 13.34
64254 -26.01 37.81 7.10 -7.61 20.04
64295 -15.17 38.01 -2.08 4.28 6.24
64328 -13.93 23.84 2.04 -4.47 5.49
64361 -14.54 24.04 3.26 4.12 8.24
64394 -13.09 34.46 0.39 14.40 3.45
64427 -11.67 38.18 -1.33 18.08 15.73
64459 -13.32 37.05 4.08 5.92 11.02
64492 -4.76 47.62 -1.88 1.80 0.00
64525 -10.97 33.12 2.90 -2.12 2.67
64558 -1.22 26.01 -4.31 -0.27 2.47
64590 6.12 18.37 -20.08 -5.33 20.04
64623 9.30 37.01 -4.16 7.10 -4.16
64656 8.56 42.50 1.06 17.14 9.81
64698 10.18 45.23 -2.67 14.91 10.94
64731 11.58 52.83 -11.57 20.04 1.84
64763 2.35 50.96 3.96 10.47 16.95
64796 -1.01 34.20 7.57 -9.53 12.12
64829 0.04 11.51 -4.04 -20.08 -0.94
64862 -10.60 -9.21 7.61 -17.02 -2.55
64894 -13.45 -6.19 6.20 2.79 12.24
64927 -10.35 3.69 1.18 20.04 17.46
64960 -3.66 9.46 -5.06 17.53 20.04
65005 2.86 -14.35 -9.96 -18.48 -6.04
65041 6.89 -33.22 9.14 -20.08 -4.75
65075 -3.37 -20.81 20.04 20.04 20.04
65106 -4.89 -5.14 8.20 20.04 6.86
65147 -12.14 -7.32 5.10 -2.24 7.02
65183 -10.49 -27.92 -8.83 -20.08 -3.53
65220 -14.98 -42.31 5.53 -11.65 -1.45
65253 -8.59 -26.70 -20.08 20.04 20.04
65286 -2.92 -16.60 -7.06 11.22 20.04
65319 1.95 -29.17 -3.49 -7.30 1.18
65352 -2.80 -41.49 7.26 -20.08 -0.08
65385 1.25 -30.38 -3.88 5.02 9.38
65418 3.52 -19.25 16.12 19.61 20.04
65451 -4.59 -7.94 14.28 11.77 10.24
65483 -5.19 -29.78 -3.49 -11.81 -8.75
65516 -7.83 -42.72 2.39 -20.08 -2.43
65558 -12.05 -7.34 12.91 11.85 -14.98
65592 -2.19 5.31 -18.44 20.04 9.06
65625 -9.46 13.57 14.47 9.61 9.96
65657 -6.59 -14.23 -3.18 -20.08 -19.50
65690 -7.38 -25.86 14.87 -20.08 7.14
65723 2.34 -19.59 -10.24 3.14 20.04
65756 -3.14 -9.58 13.89 15.14 20.04
65788 -8.00 4.47 4.12 20.04 8.51
65821 -1.80 7.94 -15.49 7.69 20.04
65854 15.20 -12.43 -9.38 -4.12 -1.06
65887 18.29 -11.29 -4.43 -2.55 13.18
65920 14.39 -6.48 3.06 5.57 20.04
65973 28.97 -4.15 -0.78 0.31 20.04
66011 17.35 -15.04 4.31 -4.55 3.61
66044 16.42 -31.65 1.84 -11.49 -2.16
66079 13.67 -21.24 -4.47 8.94 20.04
66113 12.81 -7.36 -3.92 12.75 8.00
66148 8.29 -11.29 17.02 -7.37 20.04
66182 7.76 -19.18 -3.14 -16.08 9.61
66216 14.41 -1.48 -8.59 13.14 4.75
66250 18.55 -2.76 -19.02 -5.84 20.04
66288 16.84 -10.62 3.41 -10.00 20.04
66323 9.27 -11.26 14.59 -3.61 13.93
66359 9.74 -1.39 -16.99 17.10 20.04
66403 -2.85 -7.16 18.40 -5.81 10.51
66436 -5.87 -23.75 1.73 -13.45 0.27
66468 -14.62 -46.59 14.67 -5.69 -7.96
66500 -6.11 -30.46 -11.10 15.69 12.75
66533 -10.34 -29.78 20.04 -10.71 20.04
66566 -8.32 -39.80 -1.92 -12.59 0.59
66598 -3.73 -28.22 -6.16 8.20 20.04
66630 -5.70 -1.45 11.73 18.08 -9.22
66663 0.97 0.07 -9.18 2.59 11.02
66696 -4.36 -6.99 11.22 -7.14 16.51
66727 -2.50 -13.69 -7.69 -20.08 20.04
66760 3.28 -12.20 -12.00 -2.35 13.89
66801 -2.68 25.04 6.71 1.14 -13.02
66834 -0.34 27.59 -15.30 14.83 20.04
66867 -2.67 36.77 -4.12 20.04 5.37
66899 -1.77 55.24 2.55 20.04 -20.08
66932 -1.59 57.32 -3.53 18.24 14.36
66965 -1.42 57.57 3.02 20.04 17.89
66998 -6.53 55.82 9.92 13.73 17.50
67031 -3.16 52.35 -12.00 10.28 16.55
67063 -2.83 42.65 2.67 -0.75 20.04
67096 -2.24 23.25 11.18 -19.53 7.81
67129 -7.73 0.57 8.20 -20.08 -4.08
67162 -5.77 -7.20 -1.53 -15.73 18.67
67204 -0.35 -6.43 -9.85 -0.39 20.04
67236 4.80 -27.40 -4.04 -11.26 -3.49
67269 10.46 -33.96 -3.92 -5.61 3.61
67308 4.23 -62.56 0.59 -1.88 -17.06
67341 14.39 -48.86 -5.18 4.59 15.49
67375 20.59 -34.16 -12.83 11.89 20.04
67407 23.84 -26.54 -15.61 2.98 20.04
67440 16.94 -13.16 3.14 12.59 12.67
67473 22.98 -23.02 -11.77 -6.47 2.39
67506 21.15 -36.11 -4.20 -12.24 0.08
67538 20.98 -35.38 -6.67 -7.96 15.26
67572 20.08 -4.05 -2.79 3.61 -4.24
67612 5.81 0.49 14.79 5.92 16.08
67645 7.90 1.48 -3.96 1.73 11.18
67678 7.62 10.72 -2.20 5.18 4.90
67710 19.67 4.79 -5.88 -1.06 1.92
67743 19.20 0.31 0.47 -2.43 5.37
67776 3.36 -13.02 19.97 -6.59 2.28
67809 1.55 -10.37 0.04 0.55 13.14
67856 -4.95 -8.13 1.29 0.90 9.14
67892 -5.04 -6.75 -8.43 0.59 11.18
67924 -3.68 -4.12 -2.98 1.57 20.04
67957 -3.58 7.37 -0.39 1.96 1.29
67990 -6.27 4.61 1.22 -1.80 20.04
68023 -4.18 2.72 -2.55 -1.57 10.67
68065 -4.71 30.17 0.94 1.33 -1.57
68098 -9.07 19.88 11.22 -5.49 8.63
68130 6.82 35.40 -3.61 1.22 -0.12
68163 16.33 8.00 -20.08 -2.39 -1.22
68196 7.29 -20.52 8.43 -5.33 -9.77
68229 8.30 -15.54 -1.02 3.02 20.04
68261 4.61 -44.75 5.92 -1.10 -8.28
68294 -5.34 -39.57 11.41 -2.47 12.36
68327 -6.19 -29.11 -0.35 4.47 9.18
68360 -4.16 -23.59 -4.79 2.55 20.04
68392 1.58 -5.73 -2.86 3.84 0.55
68425 -1.37 -37.80 -0.63 -0.08 -5.33
68458 3.37 -29.67 -6.20 0.71 20.04
68499 8.22 -24.35 -7.49 0.47 20.04
68532 10.69 -21.89 -9.89 -2.75 12.75
68564 15.06 -17.49 -10.00 -0.16 15.77
68597 19.86 -12.48 -6.59 0.82 6.08
68630 13.37 -8.16 -1.22 7.65 20.04
68663 12.28 -3.30 -7.96 2.51 6.86
68696 2.93 -0.94 11.06 2.86 19.53
68727 5.50 32.85 -7.81 0.43 -18.63
68760 9.83 25.25 -20.08 -9.38 20.04
68793 9.64 19.52 4.67 -3.53 14.47
68826 6.78 -14.59 5.02 -2.35 -8.79
68877 13.79 -13.95 0.63 -0.90 20.04
68919 20.89 -19.34 -4.20 -5.22 6.28
68952 8.12 -13.98 7.81 1.61 7.69
68984 9.11 -10.35 -1.77 0.59 6.79
69017 7.48 15.84 0.47 4.35 -3.02
69050 11.47 13.87 -16.67 0.39 20.04
69083 16.00 12.58 -2.59 0.75 10.32
69115 8.88 12.67 2.98 0.75 5.81
69148 16.03 15.99 -18.79 3.02 5.92
69181 19.48 15.26 -6.75 1.29 7.45
69213 16.47 11.12 -5.88 -0.67 20.04
69246 14.72 -6.35 -0.82 -7.34 0.31
69279 20.90 -12.99 -4.47 -3.80 3.77
69312 14.31 -14.04 20.04 -5.14 20.04
69352 7.54 -9.70 2.47 0.39 13.02
69388 6.86 -7.09 0.27 -0.51 19.61
69425 -1.58 26.89 2.35 0.75 -2.67
69457 -6.48 17.60 4.28 -3.77 6.83
69490 -12.29 46.32 7.53 2.43 -11.89
69523 -3.88 40.12 -2.31 0.71 7.06
69556 -4.49 31.41 -6.71 -3.73 20.04
69588 -5.21 26.46 -2.67 -0.08 13.69
69622 -1.55 22.59 -6.47 0.59 20.04
69655 -9.33 21.00 4.51 0.67 4.16
69688 -18.38 48.00 3.61 0.43 -2.08
69721 -14.75 42.21 -0.43 0.75 2.90
69763 -18.20 55.43 2.75 5.45 -1.80
69811 -14.23 46.99 0.20 -2.47 20.04
69844 -15.78 35.93 1.45 -2.20 7.92
69877 -17.36 34.88 1.33 1.37 3.14
69909 -15.28 31.13 0.94 3.26 10.32
69942 -19.34 27.31 5.96 2.08 12.71
69975 -12.52 24.54 -5.73 2.39 10.36
70007 -8.31 20.63 -4.12 -0.27 11.89
70040 -6.03 19.96 -0.47 1.41 5.41
70073 -5.25 17.38 -3.18 1.57 15.46
70106 4.61 25.26 -7.65 3.18 1.80
70138 4.23 50.14 4.16 4.63 -10.51
70171 -0.03 43.79 7.10 4.00 20.04
70212 0.69 1.96 0.27 -0.24 -3.88
70244 -0.30 -0.05 1.02 -1.37 9.92
70277 0.21 -2.04 2.67 -4.63 20.04
70309 -9.07 -16.15 4.63 -3.14 0.90
70342 -20.81 -9.06 6.24 1.06 2.00
70375 -13.54 -7.61 -1.22 0.35 6.16
70408 -8.70 -5.08 -0.55 2.08 12.20
70439 -16.31 -8.73 2.35 -1.10 2.90
70472 -13.47 -8.05 0.00 -0.04 9.30
70505 -27.82 5.49 13.26 1.49 0.51
70538 -24.01 3.03 0.08 -2.86 20.04
70571 -20.18 2.19 2.12 0.59 13.06
70602 -17.86 0.67 1.77 -0.55 5.92
70644 -25.30 -2.38 6.04 -1.02 5.18
70677 -21.21 -2.35 1.06 -0.35 10.71
70710 -26.54 3.85 3.14 1.53 2.20
70757 -20.38 3.06 -1.26 0.59 14.79
70792 -16.76 -0.09 -0.78 -2.28 10.08
70824 -11.84 -2.50 -1.96 -1.53 8.43
70857 -9.69 -1.78 -0.47 0.82 11.57
70890 -8.92 0.67 1.02 1.84 6.71
70923 -4.61 1.14 -5.41 1.53 15.49
70956 -8.76 1.73 4.35 0.71 7.30
70987 -8.78 0.14 1.61 -0.86 10.28
71020 -8.50 0.53 1.02 0.67 10.16
71061 -9.60 1.36 1.49 0.90 7.73
71093 -8.40 0.90 1.10 0.00 6.59
71126 -11.17 -0.98 3.22 -0.94 7.34
71158 -11.79 -1.19 2.79 0.04 7.61
71191 -11.27 -0.09 0.43 0.82 6.90
71223 -12.39 -0.72 2.00 -0.43 6.47
71256 -8.52 -1.33 -2.04 -0.63 10.36
71288 -4.80 -2.08 -2.94 -0.67 10.71
71321 -3.28 -0.17 -0.78 2.08 12.04
71354 -1.57 2.18 -1.10 2.20 8.79
71387 -1.32 0.92 0.27 -0.71 11.45
71419 -0.20 -0.82 -0.51 -1.29 10.87
71452 -0.00 0.86 0.16 1.92 10.83
71500 -0.02 -0.45 0.55 -0.78 9.85
71533 -0.68 -1.91 0.86 -1.29 10.04
71566 -1.26 -2.00 0.82 -0.27 9.38
71598 -1.14 -0.87 0.35 0.82 9.96
71630 -1.22 -0.05 0.47 0.78 10.12
71663 -1.53 -0.00 0.63 0.16 9.45
71707 -0.95 -0.06 -0.20 0.16 9.30
71743 0.68 0.64 -0.86 0.63 7.81
71776 0.21 0.20 0.20 -0.12 9.89
71809 -0.34 -0.20 0.59 -0.20 9.61
71841 -0.76 0.09 0.90 0.31 9.45
71874 0.18 -0.02 -0.43 -0.04 10.04
71907 0.67 -0.07 -0.20 0.04 9.69
71947 0.76 -0.14 0.20 -0.04 9.45
71980 0.58 -0.06 0.27 0.08 9.85
72012 0.72 0.29 0.08 0.35 9.45
72045 0.44 0.54 0.39 0.31 9.89
72078 -0.02 0.35 0.51 -0.08 9.57
72111 -0.26 0.26 0.43 0.04 9.89
72143 -1.12 0.34 1.02 0.16 9.89
72176 -2.19 0.61 1.29 0.31 9.65
72209 -3.31 0.56 1.53 0.08 9.85
72241 -4.22 0.42 1.45 0.00 9.49
72273 -5.12 0.42 1.69 0.08 9.92
72306 -5.70 0.46 1.45 0.12 9.41
72339 -5.86 0.58 1.22 0.24 9.81
72381 -5.69 0.51 0.90 0.08 9.53
72414 -5.49 0.32 0.86 -0.04 9.81
72446 -5.23 0.44 0.71 0.20 9.38
72478 -5.07 0.61 0.78 0.27 9.89
72511 -5.12 0.31 0.94 -0.12 9.57
72544 -5.15 0.15 0.94 -0.08 9.92
72577 -5.21 0.01 0.98 -0.08 9.65
72609 -5.24 0.14 0.98 0.16 9.92
72642 -5.22 0.02 0.90 -0.08 9.85
72688 -5.02 -0.25 0.75 -0.16 9.73
72724 -5.02 -0.11 0.86 0.12 9.26
72756 -5.16 -0.01 1.06 0.08 10.00
72788 -5.17 -0.09 0.86 -0.04 9.14
72821 -5.16 0.08 0.90 0.16 9.85
72863 -5.25 0.11 1.02 0.08 9.81
72897 -5.40 0.23 1.02 0.12 9.65
72931 -5.42 0.30 0.98 0.12 9.89
72966 -5.18 0.14 0.71 -0.08 9.22
72999 -5.19 0.26 0.94 0.16 9.81
73034 -5.33 0.37 1.02 0.16 9.49
73070 -5.40 0.39 1.02 0.08 9.92
73105 -5.33 0.47 0.86 0.12 10.00
73140 -5.29 0.47 0.82 0.08 9.22
73176 -5.32 0.55 0.94 0.16 9.57
73210 -5.38 0.51 0.98 0.04 9.53
73245 -5.37 0.49 0.90 0.08 9.73
73281 -5.44 0.57 1.02 0.16 10.12
73325 -5.58 0.59 1.02 0.12 9.41
73357 -5.67 0.59 1.06 0.12 9.69
73390 -5.85 0.65 1.10 0.16 9.45
73421 -5.70 0.56 0.90 0.04 9.77
73454 -5.87 0.76 1.10 0.27 9.41
73486 -5.79 0.77 0.94 0.16 9.89
73519 -5.93 0.83 1.06 0.16 9.41
73550 -5.85 0.91 0.98 0.24 10.04
73590 -5.77 0.66 0.94 -0.04 10.00
73629 -5.83 0.70 1.02 0.16 9.57
73661 -5.87 0.87 1.06 0.27 10.04
73694 -6.03 0.97 1.14 0.24 9.49
73726 -5.96 0.86 0.98 0.04 9.96
73766 -5.94 0.88 0.98 0.16 9.81
73799 -6.00 0.93 1.06 0.20 9.69
73832 -5.99 0.95 1.02 0.16 9.73
73865 -6.15 0.78 1.14 0.00 9.45
73897 -6.01 0.72 0.90 0.08 9.49
73930 -6.10 0.62 1.10 0.04 9.49
73963 -5.92 0.63 0.86 0.12 9.38
73996 -6.05 0.66 1.10 0.12 9.61
74029 -5.77 0.58 0.78 0.04 9.53
74061 -6.09 0.69 1.29 0.20 9.81
74094 -5.93 0.52 0.90 -0.04 9.89
74127 -6.11 0.58 1.18 0.16 9.61
74160 -5.97 0.50 0.94 0.04 9.96
74192 -6.05 0.54 1.06 0.12 9.53
74234 -6.19 0.51 1.18 0.08 9.69
74267 -6.22 0.63 1.06 0.20 9.53
74300 -6.39 0.68 1.22 0.16 9.69
74333 -6.44 0.71 1.10 0.16 9.65
74365 -6.39 0.61 1.10 0.04 9.81
74398 -6.31 0.67 1.02 0.16 9.53
74431 -6.30 0.82 1.06 0.24 9.81
74463 -6.19 0.72 0.98 0.04 9.73
74496 -6.11 0.68 0.98 0.08 9.77
74528 -5.92 0.42 0.82 -0.12 9.89
74561 -5.90 0.42 0.98 0.08 9.77
74594 -5.77 0.39 0.90 0.08 10.12
74652 -5.83 0.51 1.06 0.16 9.41
74692 -5.73 0.50 0.90 0.08 9.69
74725 -5.68 0.41 0.94 0.00 9.92
74758 -5.71 0.45 0.98 0.12 9.69
74790 -5.72 0.53 0.98 0.16 9.77
74823 -5.59 0.54 0.78 0.08 8.87
74856 -5.54 0.67 0.90 0.20 9.77
74889 -5.36 0.56 0.75 0.00 9.26
74921 -5.49 0.78 1.06 0.31 9.85
74954 -5.48 0.60 0.90 -0.04 9.26
74986 -5.75 0.56 1.22 0.08 9.77
75019 -5.71 0.46 0.94 0.00 9.65
75052 -5.82 0.74 1.10 0.31 9.61
75084 -5.83 0.66 1.02 0.04 9.73
75117 -5.92 0.83 1.10 0.27 9.65
75159 -6.19 0.74 1.22 0.08 9.61
75192 -6.14 0.73 1.02 0.12 10.16
75225 -6.43 0.69 1.29 0.08 9.65
75257 -6.36 0.82 1.02 0.24 9.89
75290 -6.29 0.85 1.02 0.16 9.81
75322 -6.21 0.83 0.94 0.12 9.10
75356 -6.21 0.81 1.06 0.12 9.69
75387 -6.06 0.71 0.90 0.04 9.30
75420 -6.19 0.76 1.14 0.16 9.53
75453 -5.99 0.52 0.86 -0.12 9.73
75486 -5.96 0.49 0.98 0.08 9.38
75529 -6.01 0.62 1.02 0.20 9.77
75565 -5.77 0.47 0.78 0.00 9.38
75604 -5.59 0.61 0.82 0.20 9.85
75637 -5.64 0.47 0.94 -0.04 9.22
75670 -5.58 0.46 0.94 0.08 10.12
75706 -5.88 0.46 1.26 0.08 10.00
75742 -5.95 0.56 1.06 0.16 9.73
75774 -5.96 0.58 1.02 0.12 9.41
75807 -6.03 0.67 1.10 0.20 9.69
75840 -6.12 0.64 1.06 0.08 9.38
75873 -5.91 0.48 0.82 -0.04 9.69
75906 -5.76 0.42 0.86 0.04 9.57
75938 -5.80 0.55 1.02 0.20 9.92
75972 -5.73 0.29 0.90 -0.16 9.69
76004 -5.89 0.47 1.14 0.24 9.77
76047 -6.07 0.56 1.22 0.20 9.92
76079 -6.22 0.59 1.18 0.12 9.77
76111 -6.25 0.74 1.10 0.24 9.89
76144 -6.39 0.79 1.18 0.16 9.53
76177 -6.33 0.73 1.06 0.08 9.92
76210 -6.47 0.86 1.14 0.24 9.41
76242 -6.33 0.81 0.98 0.12 9.85
76275 -6.41 0.84 1.10 0.16 9.49
76308 -6.29 0.78 0.98 0.08 10.04
76341 -6.18 0.69 0.98 0.04 9.77
76374 -6.06 0.68 0.94 0.12 9.89
76406 -5.81 0.35 0.78 -0.20 9.61
76439 -5.86 0.29 1.02 0.04 9.81
76472 -5.94 0.38 1.10 0.16 10.00
76528 -5.97 0.26 1.02 -0.04 9.61
76564 -5.80 0.01 0.82 -0.16 9.69
76596 -5.99 0.15 1.18 0.16 9.81
76628 -5.72 0.20 0.82 0.08 10.24
76661 -5.71 0.37 0.94 0.20 9.73
76694 -5.64 0.42 0.94 0.12 10.00
76728 -5.65 0.60 0.98 0.24 9.77
76761 -5.56 0.64 0.90 0.12 9.89
76793 -5.53 0.55 0.90 0.00 9.65
76826 -5.59 0.58 1.02 0.12 9.96
76859 -5.52 0.60 0.82 0.12 8.98
76891 -5.43 0.49 0.90 -0.04 9.85
76923 -5.27 0.41 0.75 0.00 9.30
76965 -5.48 0.48 1.10 0.16 9.85
76998 -5.49 0.41 0.94 0.00 9.77
77031 -5.43 0.46 0.90 0.12 9.73
77064 -5.51 0.31 1.02 -0.08 9.92
77096 -5.63 0.48 1.06 0.20 10.12
77129 -5.55 0.36 0.90 0.00 9.85
77161 -5.65 0.37 1.06 0.08 9.81
77194 -5.72 0.47 1.02 0.16 9.81
77227 -5.72 0.63 0.98 0.24 9.85
77259 -5.92 0.60 1.18 0.08 9.89
77292 -5.90 0.66 1.02 0.16 10.00
77325 -5.85 0.72 0.98 0.16 9.73
77358 -5.75 0.76 0.90 0.16 9.77
77390 -5.83 0.79 1.06 0.12 9.65
77430 -5.97 0.84 1.06 0.16 9.49
77478 -6.22 0.77 1.18 0.08 9.41
77511 -6.21 0.75 1.06 0.12 9.89
77544 -6.06 0.56 0.90 -0.04 9.57
77577 -6.00 0.72 0.98 0.24 10.00
77609 -6.02 0.67 1.02 0.08 9.61
77642 -5.89 0.64 0.90 0.08 9.81
77675 -5.92 0.63 1.02 0.08 9.92
77707 -5.94 0.67 1.02 0.16 9.85
77740 -5.91 0.70 0.98 0.16 9.81
77772 -5.84 0.77 0.94 0.16 9.73
77808 -5.89 0.73 1.06 0.12 9.73
77845 -5.97 0.66 1.10 0.08 9.65
77887 -6.16 0.70 1.18 0.12 9.49
77920 -6.12 0.65 1.02 0.08 9.69
77953 -6.38 0.70 1.33 0.16 9.77
77985 -6.46 0.72 1.14 0.12 9.61
78018 -6.95 0.76 1.14 0.16 9.73
78051 -6.83 0.73 1.10 0.12 9.65
78084 -6.80 0.83 1.18 0.20 9.85
78116 -6.72 0.79 1.06 0.12 9.49
78149 -6.74 0.72 1.18 0.08 9.69
78182 -6.63 0.73 1.06 0.12 9.65
78215 -6.54 0.69 1.06 0.08 9.85
78246 -6.34 0.52 0.94 -0.04 9.77
78279 -6.36 0.53 1.10 0.08 9.73
78320 -6.10 0.37 0.82 -0.04 9.14
78353 -6.19 0.49 1.10 0.16 9.49
78386 -5.99 0.52 0.86 0.12 9.38
78432 -5.72 0.48 0.75 0.08 9.34
78468 -5.71 0.43 0.94 0.04 9.34
78500 -5.74 0.60 1.02 0.24 9.53
78533 -5.83 0.49 1.06 0.00 9.41
78565 -5.77 0.44 0.94 0.04 9.65
78598 -5.67 0.39 0.90 0.04 9.41
78630 -5.59 0.41 0.90 0.12 9.77
78663 -5.33 0.21 0.75 -0.12 9.81
78696 -5.57 0.23 1.10 0.08 9.65
78729 -5.65 0.28 1.06 0.08 10.04
78761 -5.80 0.42 1.10 0.16 9.77
78803 -5.80 0.62 1.06 0.27 9.85
78836 -6.12 0.66 1.29 0.16 9.61
78869 -6.14 0.70 1.10 0.16 9.85
78902 -6.21 0.74 1.10 0.16 9.49
78935 -6.28 0.77 1.14 0.16 9.81
78967 -6.44 0.84 1.18 0.20 9.38
79000 -6.37 0.78 1.06 0.08 9.89
79033 -6.43 0.87 1.10 0.20 9.41
79065 -6.22 0.80 0.90 0.08 9.81
79097 -6.23 0.71 1.02 0.04 9.53
79130 -6.04 0.65 0.90 0.08 9.81
79163 -5.84 0.43 0.78 -0.08 9.53
79196 -5.83 0.47 0.98 0.12 9.89
79236 -5.72 0.37 0.90 0.00 9.30
79268 -5.71 0.36 0.98 0.04 9.57
79301 -5.70 0.36 0.94 0.04 9.53
79334 -5.92 0.33 1.18 0.04 9.45
79378 -6.14 0.35 1.18 0.08 9.49
79413 -6.08 0.27 0.98 0.00 9.65
79446 -6.08 0.43 1.02 0.20 9.41
79478 -5.95 0.34 0.94 0.00 9.81
79510 -6.03 0.53 1.10 0.24 9.57
79543 -5.88 0.44 0.90 0.00 9.69
79576 -6.08 0.48 1.18 0.12 9.45
79607 -5.95 0.34 0.94 -0.04 9.89
79640 -6.15 0.59 1.18 0.27 9.69
79673 -6.16 0.46 1.10 0.00 10.00
79714 -6.04 0.67 0.98 0.24 9.92
79747 -6.25 0.59 1.22 0.04 9.73
79779 -6.24 0.61 1.10 0.12 9.92
79812 -6.27 0.72 1.10 0.20 9.85
79844 -6.37 0.83 1.18 0.24 9.77
79877 -6.41 0.92 1.14 0.24 9.85
79916 -6.09 0.80 0.78 0.04 9.92
79948 -6.32 0.83 1.14 0.16 9.30
79981 -6.20 0.78 0.98 0.08 9.96
80013 -6.19 0.87 0.98 0.20 9.26
80046 -6.06 0.75 0.94 0.04 9.96
80078 -6.03 0.55 0.94 -0.04 9.30
80111 -5.83 0.52 0.86 0.04 9.92
80153 -5.74 0.36 0.94 -0.04 9.69
80187 -5.85 0.45 1.06 0.16 9.57
80221 -5.83 0.45 0.98 0.04 9.96
80254 -5.72 0.35 0.86 0.00 9.61
80294 -6.25 0.32 0.98 0.04 9.61
80328 -6.22 0.30 1.02 0.04 9.53
80362 -6.48 0.52 1.29 0.24 9.69
80395 -6.42 0.52 1.06 0.08 10.08
80429 -6.30 0.50 0.94 0.08 9.49
80462 -6.30 0.51 1.10 0.08 10.08
80496 -6.37 0.54 1.14 0.12 9.77
80530 -6.25 0.60 0.98 0.16 9.89
80563 -6.23 0.65 1.06 0.16 9.61
80596 -5.92 0.48 0.78 -0.04 9.45
80627 -6.12 0.61 1.22 0.20 9.81
80659 -6.00 0.63 0.94 0.12 9.73
80692 -6.08 0.65 1.10 0.12 9.65
80723 -5.83 0.64 0.82 0.12 9.81
80755 -6.02 0.71 1.18 0.16 9.73
80788 -6.06 0.79 1.10 0.20 9.77
80820 -6.28 0.78 1.26 0.12 9.85
80852 -6.25 0.68 1.06 0.04 9.69
80884 -6.24 0.65 1.06 0.08 9.57
80916 -6.21 0.82 1.06 0.27 9.96
80949 -6.10 0.80 0.94 0.12 9.41
80980 -6.21 0.92 1.18 0.24 9.81
81013 -6.03 0.79 0.86 0.04 9.34
81074 -5.97 0.73 0.98 0.08 9.85
81105 -5.95 0.44 0.94 -0.12 9.22
81138 -5.83 0.57 0.94 0.20 9.92
81171 -5.75 0.45 0.86 0.00 9.22
81204 -5.80 0.44 1.06 0.08 9.96
81235 -5.60 0.37 0.78 0.00 9.34
81268 -5.55 0.39 0.94 0.08 9.69
81318 -5.55 0.51 0.94 0.20 9.30
81354 -5.71 0.66 1.10 0.24 9.53
81386 -5.83 0.59 1.10 0.04 9.85
81419 -6.05 0.58 1.18 0.12 9.41
81452 -5.99 0.64 1.02 0.16 9.96
81484 -6.12 0.80 1.10 0.24 9.34
81524 -6.19 0.80 1.10 0.12 9.77
81557 -6.03 0.75 0.90 0.08 9.57
81590 -6.08 0.82 1.10 0.16 9.65
81622 -5.96 0.88 0.94 0.20 9.77
81654 -6.03 0.86 1.10 0.12 9.65
81687 -6.01 0.81 1.02 0.12 9.61
81720 -6.10 0.93 1.10 0.24 9.53
81752 -5.97 1.00 0.90 0.20 9.49
81784 -5.99 1.04 1.06 0.20 9.65
81817 -5.92 0.93 0.94 0.08 9.45
81849 -6.02 0.85 1.10 0.08 9.53
81882 -5.91 0.83 0.90 0.12 9.30
81914 -5.92 0.82 1.02 0.12 9.57
81946 -5.87 0.79 0.94 0.12 9.38
81995 -6.17 0.57 0.71 -0.04 9.77
82028 -6.34 0.61 1.22 0.16 9.53
82060 -6.04 0.52 0.86 0.04 9.92
82093 -6.16 0.56 1.18 0.16 9.77
82125 -6.10 0.54 1.10 0.08 10.36
82158 -6.33 0.69 1.26 0.24 9.77
82191 -6.20 0.66 1.02 0.08 10.12
82224 -6.29 0.73 1.14 0.20 9.57
82278 -6.24 0.90 1.06 0.27 9.81
82311 -6.36 0.97 1.14 0.20 9.69
82343 -6.21 1.03 0.98 0.20 9.81
82376 -6.24 0.91 1.10 0.08 9.85
82409 -6.04 0.99 0.90 0.20 9.81
82449 -5.92 0.76 0.90 -0.04 9.69
82482 -5.91 0.67 1.02 0.04 9.81
82514 -5.93 0.72 1.06 0.16 10.04
82547 -5.96 0.81 1.02 0.20 9.85
82579 -6.03 0.84 1.10 0.16 9.85
82612 -5.99 0.89 0.98 0.20 9.85
82644 -5.90 0.81 0.94 0.08 9.81
82677 -5.73 0.83 0.86 0.16 9.77
82710 -5.71 0.87 0.98 0.16 9.89
82743 -5.57 0.79 0.86 0.08 9.69
82776 -5.69 0.86 1.10 0.20 9.77
82808 -5.49 0.80 0.75 0.08 9.18
82840 -5.64 0.78 1.10 0.12 9.65
82873 -5.44 0.55 0.78 -0.08 9.22
82915 -5.39 0.51 0.94 0.08 10.00
82948 -5.46 0.43 0.94 0.04 9.41
82979 -5.53 0.45 1.02 0.12 9.92
83012 -5.54 0.41 0.94 0.04 9.53
83045 -5.51 0.32 0.94 0.00 9.85
83078 -5.54 0.20 0.94 -0.08 9.41
83109 -5.51 0.12 0.94 0.00 9.96
83153 -5.47 0.19 0.94 0.16 10.08
83188 -5.44 0.21 0.90 0.04 9.57
83221 -5.42 0.21 0.94 0.04 9.96
83254 -5.36 0.20 0.90 0.04 9.69
83287 -5.25 0.28 0.82 0.12 9.92
83319 -5.57 0.40 1.22 0.16 9.85
83359 -5.77 0.65 1.14 0.27 9.69
83392 -5.53 0.35 0.78 -0.16 9.65
83425 -5.56 0.40 0.98 0.12 9.69
83458 -5.57 0.52 0.98 0.20 10.04
83490 -5.76 0.62 1.10 0.16 9.73
83523 -5.74 0.58 1.02 0.08 10.12
83556 -5.68 0.74 0.90 0.24 9.69
83589 -5.73 0.67 1.02 0.04 10.00
83621 -5.71 0.63 0.98 0.08 9.61
83654 -5.41 0.48 0.71 -0.04 9.92
83687 -5.40 0.31 0.90 -0.08 9.61
83720 -5.54 0.30 1.06 0.08 9.85
83752 -5.58 0.46 0.94 0.20 9.30
83794 -5.51 0.53 0.90 0.12 9.92
83826 -5.62 0.47 1.02 0.04 9.45
83859 -5.64 0.47 0.94 0.08 9.65
83892 -5.47 0.48 0.82 0.08 9.96
83924 -5.47 0.29 0.98 -0.08 10.08
83957 -5.44 0.38 0.94 0.16 10.12
83990 -5.47 0.54 0.98 0.20 10.20
84023 -5.60 0.46 1.06 0.04 10.00
84056 -5.53 0.50 0.90 0.12 9.85
84094 -5.63 0.38 1.02 0.00 9.53
84127 -5.84 0.43 1.18 0.12 9.57
84176 -6.14 0.62 1.22 0.20 9.30
84209 -5.96 0.53 0.94 0.04 9.92
84242 -6.14 0.59 1.14 0.16 9.41
84283 -6.33 0.57 1.18 0.08 9.53
84316 -6.09 0.55 0.86 0.08 9.69
84348 -6.34 0.50 1.22 0.04 9.34
84381 -6.15 0.36 0.86 -0.04 9.22
84414 -6.21 0.24 1.10 -0.04 9.45
84447 -5.88 0.23 0.78 0.04 9.57
84481 -5.98 0.36 1.10 0.16 9.49
