886 -3.87 -5.44 1.02 -0.12 8.90
943 -4.70 -4.38 1.29 0.20 9.81
973 -5.33 -3.58 1.33 0.12 9.96
1004 -5.71 -3.46 1.18 -0.27 9.30
1035 -5.95 -3.33 1.22 -0.24 9.92
1065 -5.98 -2.82 1.06 0.16 9.96
1096 -6.00 -2.42 1.02 0.12 9.57
1127 -6.16 -2.41 1.18 -0.20 9.92
1157 -6.35 -2.42 1.22 -0.20 9.81
1187 -6.61 -2.12 1.29 0.08 9.73
1218 -6.54 -2.04 1.02 -0.08 9.61
1249 -6.79 -1.92 1.37 -0.04 10.00
1280 -6.98 -1.68 1.33 0.08 9.96
1310 -6.87 -1.84 1.02 -0.24 9.41
1363 -6.81 -1.78 1.06 0.04 9.96
1397 -6.81 -1.56 1.18 0.08 10.04
1428 -6.80 -1.58 1.10 -0.12 9.92
1459 -7.02 -1.42 1.29 0.04 9.73
1489 -7.29 -1.19 1.41 0.12 10.24
1520 -7.50 -0.94 1.26 0.16 9.89
1551 -7.97 -0.95 1.45 -0.04 9.89
1582 -8.24 -1.11 1.29 -0.16 9.61
1612 -8.68 -1.14 1.45 -0.08 9.89
1643 -9.05 -1.24 1.45 -0.16 9.81
1674 -9.25 -1.37 1.33 -0.20 9.45
1704 -9.67 -1.07 1.61 0.16 9.92
1735 -10.16 -1.15 1.65 -0.16 9.69
1773 -11.22 -1.21 2.04 -0.12 9.45
1804 -12.13 -1.37 2.16 -0.24 9.45
1835 -12.78 -1.20 2.20 0.04 9.81
1865 -13.56 -1.15 2.43 -0.04 9.61
1896 -14.09 -1.31 2.28 -0.24 9.26
1927 -14.78 -1.22 2.71 -0.04 9.61
1957 -15.26 -1.10 2.71 0.00 9.65
1988 -15.54 -1.08 2.51 -0.12 9.41
2019 -15.98 -0.94 2.86 0.04 9.77
2050 -16.47 -1.07 2.98 -0.20 9.57
2079 -17.07 -1.03 3.06 -0.08 9.30
2110 -17.26 -1.17 2.86 -0.24 9.57
2141 -17.56 -1.24 3.02 -0.20 9.57
2181 -18.07 -1.26 3.06 -0.12 9.53
2211 -18.33 -1.12 2.86 0.00 9.14
2242 -18.89 -0.99 3.30 0.00 9.65
2290 -20.31 -1.15 3.65 -0.20 9.34
2321 -21.18 -1.07 3.69 -0.04 9.34
2352 -22.19 -1.23 3.73 -0.24 8.94
2390 -23.85 -1.46 4.24 -0.31 9.06
2420 -24.83 -1.28 4.20 0.00 9.06
2450 -22.68 -1.48 2.47 -0.43 10.51
2482 -22.25 -1.43 3.41 -0.12 8.63
2512 -21.78 -1.37 3.57 -0.12 9.45
2543 -22.25 -1.31 4.31 -0.12 9.14
2574 -23.37 -1.30 4.67 -0.16 8.67
2612 -24.01 -1.50 4.35 -0.31 9.02
2642 -23.63 -1.39 3.84 -0.12 9.41
2673 -23.65 -1.10 4.04 0.04 9.18
2704 -23.84 -1.20 3.92 -0.24 8.75
2735 -23.63 -1.02 4.00 0.00 9.38
2765 -23.47 -1.04 3.96 -0.16 9.30
2796 -23.43 -1.15 3.77 -0.24 8.94
2827 -23.22 -1.11 3.84 -0.12 9.45
2857 -23.42 -1.14 4.12 -0.20 9.02
2888 -24.17 -1.11 4.16 -0.12 8.83
2919 -23.78 -1.17 3.84 -0.24 9.38
2950 -23.51 -1.17 4.00 -0.16 9.49
2980 -23.61 -0.99 4.16 0.00 9.18
3019 -23.69 -0.90 4.12 -0.04 8.90
3050 -23.27 -0.77 3.88 0.00 9.49
3081 -22.84 -0.72 3.65 -0.08 9.26
3111 -22.61 -0.75 3.84 -0.12 9.41
3142 -22.42 -0.75 3.96 -0.12 9.49
3186 -22.02 -0.59 3.65 0.00 8.94
3217 -21.43 -0.71 3.61 -0.20 9.69
3248 -21.11 -0.72 3.73 -0.12 9.53
3277 -21.01 -0.57 3.88 0.04 9.38
3308 -20.55 -0.88 3.49 -0.35 9.18
3339 -19.92 -0.87 3.37 -0.12 9.45
3369 -19.31 -0.95 3.30 -0.20 9.38
3400 -18.59 -0.88 3.10 -0.08 9.18
3438 -17.24 -0.94 2.67 -0.20 9.30
3469 -16.21 -0.90 2.71 -0.12 9.57
3500 -15.13 -0.90 2.47 -0.16 9.57
3530 -14.16 -1.06 2.31 -0.27 9.14
3561 -13.48 -1.09 2.55 -0.20 9.69
3592 -12.79 -0.81 2.31 0.08 9.69
3621 -12.06 -0.63 2.00 0.04 9.53
3652 -11.53 -0.94 1.61 -0.39 9.73
3683 -10.86 -0.95 1.77 -0.16 9.81
3714 -10.13 -0.58 1.61 0.20 9.77
3744 -9.04 -0.47 1.18 0.00 9.22
3774 -8.04 -0.51 1.29 -0.16 9.92
3814 -6.30 -0.49 0.67 -0.16 9.69
3845 -6.81 -1.17 1.88 -0.78 10.20
3875 -7.51 -1.06 1.73 -0.08 9.45
3905 -7.54 -1.16 1.22 -0.24 10.20
3936 -7.12 -0.69 0.94 0.27 10.24
3966 -6.62 -0.53 0.78 0.04 9.85
3997 -6.50 -0.46 1.06 0.00 10.36
4027 -6.54 -0.62 1.18 -0.20 9.92
4058 -6.62 -0.43 1.26 0.08 9.69
4102 -6.57 -0.38 1.10 0.00 9.81
4131 -6.58 -0.32 1.18 0.00 9.96
4162 -6.86 -0.32 1.33 -0.04 9.38
4193 -6.89 -0.34 1.26 -0.12 10.04
4224 -6.90 -0.24 1.22 0.04 9.81
4261 -7.00 -0.12 1.29 0.08 9.85
4292 -7.12 -0.13 1.26 -0.04 9.22
4326 -7.09 -0.22 1.26 -0.12 9.92
4361 -7.10 -0.27 1.26 -0.08 10.00
4391 -7.31 -0.12 1.41 0.08 9.77
4422 -7.20 -0.15 1.06 -0.08 9.26
4453 -7.10 -0.30 1.18 -0.16 9.89
4484 -6.99 -0.22 1.14 0.04 10.00
4514 -6.86 -0.14 1.06 0.04 9.61
4544 -6.74 -0.19 1.10 -0.08 9.89
4575 -6.65 -0.13 1.10 0.00 9.85
4605 -6.63 -0.06 1.14 0.04 9.77
4636 -6.54 -0.20 1.06 -0.16 9.61
4675 -6.73 -0.31 1.33 -0.16 9.85
4706 -6.77 -0.29 1.22 -0.04 9.85
4737 -6.78 -0.21 1.22 0.04 9.96
4767 -6.57 -0.39 0.98 -0.20 9.81
4798 -6.50 -0.32 1.10 0.00 9.96
4828 -6.51 -0.24 1.18 0.00 9.96
4858 -6.56 -0.20 1.14 0.00 9.30
4889 -6.57 -0.24 1.18 -0.08 9.96
4919 -6.62 -0.25 1.18 -0.04 9.77
4950 -6.65 -0.22 1.18 0.00 9.81
5000 -6.67 -0.29 1.18 -0.08 9.73
5032 -6.88 -0.25 1.37 0.00 9.96
5063 -6.86 -0.29 1.10 -0.08 9.14
5101 -6.68 -0.33 0.98 -0.08 9.49
5132 -6.67 -0.25 1.18 0.00 9.96
5161 -6.81 -0.12 1.29 0.08 9.89
5192 -6.84 -0.20 1.18 -0.08 9.61
5223 -6.98 -0.37 1.29 -0.20 9.73
5253 -7.02 -0.36 1.22 -0.08 9.85
5283 -7.16 -0.09 1.33 0.20 9.69
5314 -6.93 -0.25 0.98 -0.16 9.45
5344 -6.90 -0.40 1.14 -0.20 9.77
5374 -6.76 -0.68 1.02 -0.31 9.65
5404 -6.65 -0.58 1.02 0.00 9.73
5435 -6.69 -0.55 1.10 -0.08 9.38
5465 -6.97 -0.54 1.41 -0.08 9.73
5505 -7.06 -0.56 1.41 -0.12 10.04
5535 -6.93 -0.44 1.14 0.00 10.04
5565 -6.82 -0.59 1.06 -0.20 9.45
5596 -6.95 -0.53 1.33 -0.04 10.12
5626 -6.80 -0.43 1.06 0.00 9.77
5656 -6.83 -0.25 1.22 0.08 9.73
5687 -6.65 -0.44 0.98 -0.20 9.49
5716 -6.74 -0.40 1.22 -0.04 9.81
5747 -6.81 -0.31 1.22 0.04 9.85
5777 -6.79 -0.30 1.18 -0.04 9.85
5808 -6.71 -0.55 1.10 -0.27 9.77
5856 -6.67 -0.58 1.14 -0.12 9.96
5889 -6.66 -0.39 1.14 0.08 9.73
5919 -6.42 -0.43 0.94 -0.12 9.77
5957 -6.50 -0.26 1.22 0.08 10.00
5988 -6.47 -0.20 1.10 0.00 9.81
6019 -6.52 -0.08 1.18 0.08 9.89
6048 -6.60 -0.20 1.18 -0.16 9.53
6079 -6.76 -0.26 1.29 -0.08 9.89
6109 -6.76 -0.12 1.18 0.08 10.00
6139 -6.87 -0.13 1.22 -0.04 9.57
6170 -6.92 -0.23 1.22 -0.12 9.53
6200 -7.09 -0.24 1.37 -0.04 10.08
6231 -7.25 -0.14 1.33 0.04 9.85
6261 -7.19 -0.15 1.14 -0.04 9.45
6294 -7.14 -0.25 1.18 -0.12 9.89
6328 -6.92 -0.24 1.02 -0.08 9.85
6368 -6.81 -0.24 1.14 -0.04 10.04
6398 -6.71 -0.11 1.10 0.08 9.89
6428 -6.65 -0.12 1.10 -0.04 9.65
6459 -6.54 -0.16 1.06 -0.04 9.92
6490 -6.70 -0.15 1.29 0.00 9.85
6519 -6.76 -0.08 1.22 0.04 9.81
6550 -6.83 0.00 1.18 0.04 9.34
6580 -6.87 -0.07 1.26 -0.08 10.00
6610 -6.95 -0.23 1.29 -0.16 9.81
6641 -7.38 -0.13 1.53 0.04 9.61
6672 -7.27 -0.27 1.10 -0.12 9.57
6715 -7.21 -0.08 1.14 0.12 9.81
6746 -7.12 -0.06 1.10 0.00 9.41
6785 -7.19 -0.14 1.26 -0.08 9.81
6816 -7.30 -0.03 1.33 0.08 9.73
6848 -7.30 -0.06 1.18 -0.04 9.45
6880 -7.37 0.01 1.37 0.04 10.04
6917 -7.32 -0.15 1.26 -0.16 9.85
6947 -7.19 -0.17 1.14 -0.04 9.69
6979 -6.87 -0.49 0.90 -0.31 9.57
7010 -7.02 -0.45 1.33 -0.04 9.92
7041 -6.94 -0.42 1.29 -0.12 9.89
7072 -6.65 -0.48 0.75 -0.08 10.00
7103 -6.88 -0.40 1.10 0.04 9.92
7134 -7.16 -0.26 1.14 0.08 9.81
7164 -7.46 -0.42 1.18 -0.20 9.73
7204 -8.02 -0.62 1.33 -0.24 9.77
7234 -8.48 -0.63 1.53 -0.08 9.92
7265 -9.03 -0.46 1.77 0.04 9.57
7294 -9.33 -0.73 1.69 -0.31 9.49
7324 -9.58 -0.65 1.80 -0.04 9.81
7355 -9.83 -0.65 1.88 -0.12 9.77
7385 -10.10 -0.54 2.00 0.00 9.57
7414 -10.05 -0.62 1.80 -0.16 9.41
7445 -9.77 -0.59 1.69 -0.08 10.00
7475 -9.62 -0.55 1.65 -0.08 9.85
7504 -9.69 -0.43 1.73 0.04 9.81
7535 -9.80 -0.34 1.65 0.00 9.38
7565 -9.76 -0.25 1.61 0.04 9.96
7603 -9.77 -0.34 1.73 -0.12 9.85
7632 -9.63 -0.40 1.73 -0.12 9.65
7663 -9.25 -0.32 1.53 0.00 9.57
7694 -8.70 -0.47 1.41 -0.20 9.45
7724 -8.12 -0.47 1.33 -0.08 9.85
7754 -7.72 -0.34 1.37 0.00 9.92
7784 -7.95 -0.29 1.29 0.00 9.10
7815 -7.91 -0.33 1.37 -0.08 9.81
7844 -7.71 -0.33 1.14 -0.08 9.81
7875 -7.46 -0.14 1.14 0.12 9.96
7906 -7.11 -0.28 1.02 -0.16 9.49
7936 -6.86 -0.21 1.06 0.00 10.20
