896 -5.93 -16.34 2.12 -1.14 16.75
951 -11.79 23.65 6.43 2.98 -7.57
982 -13.06 19.02 2.31 0.39 6.75
1011 -7.94 16.51 -6.20 1.26 20.04
1042 -12.99 10.00 5.88 -1.96 7.34
1072 -7.02 9.11 -4.98 1.02 13.93
1101 -16.91 22.44 3.92 2.20 0.20
1132 -18.27 15.82 2.51 -1.88 6.83
1162 -20.86 18.84 2.71 2.08 3.02
1192 -21.44 16.42 4.59 1.29 10.59
1222 -13.24 14.09 -7.65 1.10 20.04
1253 -15.84 11.41 3.49 0.39 7.14
1283 -10.55 10.43 -8.00 1.49 20.04
1321 -11.76 7.67 2.35 -0.78 14.04
1352 -4.85 5.28 -5.57 -0.51 15.73
1382 -2.05 5.06 -5.14 1.88 20.04
1413 -2.99 22.84 0.82 3.26 -0.75
1442 -4.61 18.67 4.00 0.47 15.10
1472 -10.92 -16.25 8.87 -0.86 -10.43
1503 -23.26 -42.14 3.96 -0.27 -0.51
1542 -22.08 -37.09 3.33 -0.78 12.16
1574 -27.94 -3.43 7.85 2.90 -4.35
1605 -30.86 27.17 5.41 1.73 -5.49
1635 -18.26 20.41 -3.41 -1.06 5.02
1666 -19.69 14.93 5.33 -1.61 10.08
1695 -12.37 14.04 -4.86 1.65 12.63
1733 -7.47 12.95 -7.57 1.57 20.04
1764 -11.71 11.54 6.67 1.26 10.04
1797 -6.70 8.93 -7.65 -2.00 20.04
1830 -11.13 0.74 4.04 -3.49 5.61
1861 -6.28 -3.68 -2.12 -3.49 8.28
1891 -9.56 -4.30 3.61 -0.47 6.79
1921 -16.81 25.80 4.12 1.61 -3.88
1951 -18.37 21.20 3.37 0.00 6.47
1981 -15.96 16.40 -0.16 -2.24 19.77
2012 -19.01 -19.12 3.96 -0.39 -6.35
2041 -13.48 -15.21 -6.83 1.61 20.04
2072 -19.21 15.45 7.22 2.16 -5.45
2102 -30.19 33.56 2.86 0.78 -0.35
2142 -22.65 27.80 -7.10 0.63 20.04
2171 -26.58 52.22 8.51 2.86 -6.71
2202 -31.84 73.16 4.51 1.26 -3.53
2232 -17.25 61.28 -7.88 0.08 8.43
2263 -10.69 51.97 -7.57 1.92 20.04
2292 -12.49 73.51 4.47 2.12 -8.43
2322 -12.16 60.74 3.10 -0.86 14.55
2353 -15.32 83.68 4.98 0.35 -9.26
2382 -13.12 69.69 0.39 -0.16 17.46
2413 -8.03 59.53 -7.22 1.26 20.04
2443 -15.30 52.41 8.16 2.20 7.53
2472 -10.62 40.56 -4.20 -4.47 12.12
2524 -18.69 65.46 8.90 1.53 -5.69
2554 -25.51 82.99 8.16 3.33 -5.45
2584 -28.28 97.25 2.31 1.14 -2.20
2615 -18.67 78.31 -5.41 -3.80 13.89
2644 -16.62 64.81 3.92 0.16 20.04
2675 -24.78 84.15 9.92 0.78 -3.69
2705 -33.88 69.43 5.57 -0.04 2.31
2736 -22.34 55.74 -2.16 -0.63 3.96
2765 -14.78 47.90 -7.85 3.88 20.04
2796 -20.61 67.87 8.83 2.67 -6.35
2826 -16.28 56.06 -0.82 0.00 11.85
2855 -7.67 45.46 -7.30 -0.71 13.49
2886 -3.48 38.03 -4.94 1.80 20.04
2925 -17.75 8.11 7.34 -1.26 -0.71
2956 -11.59 2.99 -2.12 -2.67 10.08
2985 -7.13 0.80 -4.43 -1.14 20.04
3016 -14.28 27.76 6.59 2.20 -4.63
3046 -24.51 20.76 4.75 -0.20 1.37
3076 -7.02 20.85 -8.16 1.26 2.94
3106 -6.83 16.83 2.04 0.31 12.12
3136 -3.69 15.41 -5.02 2.67 20.04
3167 -12.27 32.68 5.26 3.45 -1.65
3196 -8.46 24.42 -2.47 -2.39 8.32
3226 -11.29 20.14 3.10 0.47 6.71
3257 -19.60 -14.05 4.51 -0.71 -3.02
3287 -12.08 -14.40 -4.79 -1.80 13.65
3324 -17.98 17.66 6.16 1.84 -5.77
3355 -16.94 12.63 2.55 -1.57 13.93
3385 -15.23 9.28 0.78 -0.86 13.10
3432 -8.20 6.65 -4.82 -0.47 20.04
3463 -12.55 5.09 4.98 0.39 8.43
3492 -7.12 4.79 -7.73 1.14 20.04
3523 -16.82 29.35 9.06 3.22 -4.16
3553 -15.22 23.25 2.79 -1.53 20.04
3582 -22.30 33.09 6.98 4.00 0.82
3613 -27.65 23.70 5.22 -1.61 4.51
3643 -19.52 18.10 -4.28 -2.00 16.55
3674 -14.64 14.97 -2.31 1.18 20.04
3704 -24.03 39.32 5.22 0.86 -1.57
3750 -21.45 30.75 2.12 -1.26 14.63
3780 -17.72 24.35 -1.26 -2.51 18.32
3811 -27.69 -1.84 7.53 -1.80 -0.78
3842 -20.52 -0.27 -5.65 1.57 16.55
3872 -21.06 -0.67 5.81 0.51 11.77
3902 -26.56 -33.95 10.28 -0.08 -7.45
3933 -29.53 -33.07 6.67 -2.24 6.35
3963 -20.82 -27.91 -4.79 0.59 15.10
3993 -19.46 -23.62 4.47 1.26 20.04
4024 -16.83 -12.43 0.43 2.71 3.02
4055 -18.74 -10.00 3.41 0.90 7.61
4084 -25.32 14.05 1.02 0.71 -0.51
4123 -17.93 11.78 -7.18 1.53 20.04
4153 -22.40 33.33 2.31 1.84 -1.41
4184 -20.81 27.32 3.53 -0.24 15.02
4214 -24.51 55.24 9.06 1.18 -11.92
4244 -34.17 66.82 2.86 0.51 -0.24
4275 -24.83 57.16 -6.71 1.65 20.04
4304 -26.23 45.71 8.83 -2.24 13.93
4335 -30.14 70.45 2.90 0.24 -2.94
4366 -29.19 57.64 5.45 -1.29 12.24
4397 -14.75 75.62 -8.36 2.82 -4.67
4426 -22.11 64.44 2.43 0.24 1.57
4457 -14.38 53.14 -7.69 -2.04 20.04
4487 -18.13 45.17 6.24 0.90 7.81
4527 -10.41 39.85 -8.55 5.53 20.04
4557 -14.10 34.96 4.86 2.16 8.08
4587 -7.02 29.38 -7.92 0.43 20.04
4618 -17.42 3.91 5.88 -2.79 -1.22
4648 -10.44 5.32 -10.00 4.39 20.04
4678 -8.68 5.31 0.67 2.43 17.02
4709 -8.96 3.72 3.69 0.75 17.10
4740 -13.31 3.00 4.98 0.59 7.37
4769 -11.56 5.42 0.82 5.06 13.42
4800 -12.27 6.49 2.75 2.94 10.51
4830 -23.77 -8.58 5.45 -1.14 0.31
4860 -19.15 -7.75 -0.35 -0.31 9.18
4891 -14.53 -6.33 -2.75 0.27 20.04
4929 -23.71 23.65 6.67 1.22 -3.37
4960 -19.73 20.99 0.08 1.10 6.59
4989 -13.16 16.75 -5.45 -1.80 20.04
5020 -4.04 12.09 -2.82 -0.75 3.73
5051 -13.73 2.47 2.35 -0.94 1.02
5081 -20.75 -18.13 5.77 -3.77 -1.02
5111 -20.82 -27.41 0.82 -3.14 1.77
5141 -19.21 -24.47 1.49 -0.35 9.85
5172 -13.31 -22.15 -2.39 -1.41 12.71
5202 -9.41 -18.73 -2.75 -0.35 20.04
5232 -19.76 -18.36 2.94 -0.24 0.94
5263 -27.42 -32.69 5.77 -2.86 -0.12
5303 -22.12 -26.09 -0.47 0.63 5.88
5343 -15.25 -23.39 -1.65 -1.06 7.77
5373 -27.85 -1.45 5.30 0.82 -0.08
5403 -21.96 -2.14 -0.75 -0.90 8.08
5434 -25.37 25.13 2.24 1.45 -2.12
5465 -23.02 16.06 1.49 -4.08 7.77
5494 -24.82 -1.66 6.63 -9.73 1.69
5525 -30.63 0.61 5.33 1.26 4.47
5555 -22.41 -0.64 -3.06 -1.06 11.06
5585 -17.98 -0.23 -0.71 0.35 16.51
5616 -6.96 -3.85 -6.12 -2.43 6.00
5646 -11.27 2.15 5.57 3.96 6.20
5683 -10.22 -3.09 1.02 -3.80 7.61
5722 -6.43 -4.92 -4.16 -3.10 17.61
5752 -3.95 -2.86 -0.55 0.94 11.18
5782 -2.15 0.77 -1.26 7.10 19.97
5813 -0.95 4.30 -0.90 9.41 20.04
5843 -0.24 5.92 -0.31 5.06 20.04
5873 2.33 1.17 -1.18 -2.35 5.69
5904 -1.71 4.46 3.45 3.14 7.81
5934 -4.36 8.77 2.82 5.06 8.28
5964 -8.18 21.21 3.92 7.34 1.77
5995 -15.81 -0.58 5.33 -3.57 -0.75
6025 -21.51 -17.87 5.49 -4.39 -0.39
6055 -24.01 -14.93 4.31 0.51 8.28
6086 -19.74 -12.52 0.20 0.00 10.63
6126 -12.66 -12.57 -1.29 -0.67 3.88
6156 -17.48 17.92 4.90 2.35 -4.79
6187 -21.63 47.86 6.43 0.27 -8.90
6217 -17.03 37.33 -0.31 -2.31 8.39
6248 -13.55 37.52 -0.82 9.85 14.12
6285 -10.71 32.26 -0.47 1.29 20.04
6319 -7.49 24.62 -1.88 -4.55 20.04
6348 -11.76 10.61 4.82 -6.79 5.37
6379 -5.64 16.21 -3.30 6.86 8.08
6409 -4.09 12.76 -1.18 -1.14 20.04
6439 -5.69 8.49 1.41 -1.29 6.98
6470 -2.80 9.57 -2.47 5.14 19.73
6500 -13.02 38.63 12.63 1.18 -6.75
6540 -9.17 37.89 -2.86 8.08 13.96
6572 -6.50 31.57 -0.59 0.27 19.50
6604 -19.29 -2.31 12.32 -1.33 -2.51
6636 -13.45 0.44 -2.67 3.33 12.79
6668 -10.65 -2.11 -0.59 -3.65 17.73
6701 -18.89 29.81 8.87 0.78 -5.53
6732 -14.41 27.76 -1.33 3.77 13.06
6764 -6.20 29.48 -4.82 5.22 7.57
6796 -3.14 25.64 -3.33 1.41 20.04
6828 -11.00 -12.04 10.28 -0.39 -10.51
6860 -8.46 -10.01 -0.82 0.71 9.69
6892 -2.11 -7.55 -5.77 1.49 12.43
6933 -1.76 -3.51 -0.59 6.83 20.04
6963 -13.02 -36.99 9.38 -0.04 -4.71
6992 -7.86 -41.19 -1.45 -4.59 3.53
7022 -1.54 -31.95 -7.10 3.92 13.18
7053 -2.05 -26.21 1.61 1.37 15.30
7083 -9.48 -29.24 4.43 -2.98 3.92
7112 -3.27 -20.88 -6.71 5.22 13.10
7143 -16.36 -47.59 8.94 -0.43 -1.65
7173 -10.91 -38.03 -3.69 3.41 13.96
7202 -13.28 -33.11 7.22 -1.69 18.08
7233 -15.28 -25.10 3.37 1.80 6.51
7271 -12.27 -20.12 -0.78 2.00 16.63
7301 -22.88 -36.13 8.55 -3.10 -0.82
7339 -15.22 -27.88 -6.86 4.71 19.46
7368 -19.77 -22.78 8.98 0.75 11.57
7399 -16.20 -17.75 -0.63 1.61 14.00
7429 -13.97 -14.88 1.22 -0.20 10.71
7459 -6.80 5.83 -1.84 3.92 -0.75
7489 -4.52 5.06 -2.00 0.08 15.69
7520 -7.13 7.23 2.24 1.69 6.20
7549 -4.68 6.41 -2.00 0.08 14.98
7580 -4.53 4.62 0.75 -0.55 6.51
7613 -4.58 1.91 1.06 -1.84 8.39
7648 -3.72 7.19 0.31 5.37 9.77
7677 -11.88 1.92 6.43 -2.43 5.65
7708 -10.76 3.89 1.22 3.65 18.24
7747 -17.41 -0.86 7.85 -2.75 6.75
7778 -14.26 -1.40 0.08 -0.51 7.61
7809 -8.28 5.04 -4.08 6.86 10.47
7838 -13.24 1.52 6.86 -2.47 9.61
7869 -10.91 -2.61 -0.04 -2.43 6.24
7899 -7.38 7.03 -2.00 9.77 7.85
7929 -12.16 3.73 3.84 -1.26 5.73
7960 -12.64 -5.24 2.47 -6.75 6.43
7990 -10.74 -6.00 0.12 -1.88 11.34
8020 -8.46 3.90 -1.02 9.92 8.67
8050 -8.89 6.71 1.41 3.33 10.98
8081 -8.84 -0.20 3.33 -10.28 16.16
8112 -5.60 -12.38 -1.06 -10.55 4.43
8150 -7.24 0.61 2.82 8.32 5.10
8179 -5.10 10.78 -0.63 12.91 8.63
8221 -2.43 16.63 -2.00 10.28 12.59
8252 -7.00 9.11 8.98 -9.57 18.87
8282 -7.83 -7.55 3.57 -17.65 2.43
8312 -7.48 -20.45 1.96 -18.40 4.51
8343 -6.77 -16.32 0.82 0.63 7.06
8373 -6.02 -3.21 2.08 15.10 8.94
8403 -2.78 5.15 -3.37 13.18 13.61
8433 -1.86 9.72 -0.90 6.83 12.59
8464 -5.55 1.05 6.90 -12.75 14.87
8495 -4.87 -15.97 0.20 -17.06 -1.22
8534 -6.04 -9.34 3.84 5.61 14.36
8564 -4.54 3.90 -0.51 15.85 8.16
8594 -1.89 9.77 -1.53 9.22 12.63
8625 -3.54 10.04 3.73 3.18 16.99
8655 -6.38 -3.11 5.73 -14.24 7.14
8685 -7.12 -14.10 2.59 -20.08 9.38
8716 -5.98 -28.97 1.41 -20.08 -1.33
8747 -7.72 -43.69 5.69 -20.08 -5.73
8776 -9.30 -54.24 6.98 -20.08 -2.00
8807 -14.01 -66.10 14.83 -20.08 -8.24
8838 -16.71 -64.45 7.22 -9.02 7.96
8868 -16.21 -45.67 0.90 4.24 3.53
8898 -11.49 -29.79 -3.14 20.04 18.48
8936 -4.79 -16.42 -10.32 20.04 20.04
8967 -2.89 -5.57 -3.41 18.51 20.04
8997 -1.50 -0.61 -1.37 7.49 20.04
9028 -6.49 -25.28 12.51 -14.59 -16.08
9058 -8.18 -33.42 8.51 -20.08 7.92
9089 -9.71 -34.98 3.53 -8.43 9.89
9119 -3.93 -19.38 -9.65 20.04 14.32
9165 -3.58 -7.13 1.69 20.04 20.04
9196 -6.15 -29.50 9.73 -19.26 -14.00
9227 -11.48 -42.01 13.10 -20.08 -2.12
9256 -10.28 -37.65 -0.04 -2.75 12.83
9287 -3.83 -23.03 -13.73 20.04 20.04
9326 -7.08 -16.09 6.08 6.43 20.04
9357 -10.13 -37.04 9.96 -17.34 -13.73
9387 -11.75 -40.95 10.32 -20.08 13.81
9417 -5.25 -25.90 -7.49 12.08 12.28
9447 -0.86 -13.39 -11.92 20.04 19.22
9478 3.35 -2.59 -10.98 20.04 20.04
9507 3.50 6.31 -2.94 18.75 20.04
9538 1.90 11.93 3.80 13.77 20.04
9575 -4.87 14.66 6.55 3.49 8.16
9605 -5.67 17.87 3.30 7.34 13.77
9634 -4.57 21.52 -0.59 12.87 20.04
9665 -1.44 25.41 -6.20 15.46 20.04
9696 1.49 28.27 -7.10 14.32 20.04
9734 2.50 32.88 -3.02 17.26 16.75
9763 2.54 36.28 0.90 14.55 14.59
9794 2.18 37.44 0.47 8.79 12.32
9824 -7.65 37.97 5.22 2.59 3.84
9854 -19.82 40.70 5.77 1.53 1.41
9884 -25.61 24.36 8.43 -5.65 4.04
9915 -28.42 9.85 10.04 -11.38 6.47
9945 -29.54 -1.08 10.00 -14.16 10.94
9975 -35.77 -18.01 6.20 -3.14 -0.24
10006 -42.73 -29.41 7.02 -2.51 0.43
10036 -43.54 -37.23 8.47 -9.53 3.41
10079 -46.61 -40.05 8.67 -4.63 4.24
10119 -46.18 -29.96 2.39 1.22 3.61
10149 -34.89 -18.41 -2.31 4.31 6.12
10179 -26.46 -6.25 -3.69 12.79 11.02
10210 -20.83 5.75 -2.98 16.04 9.34
10240 -13.80 14.84 -6.39 19.38 13.77
10270 -7.72 20.95 -11.06 20.04 20.04
10300 -2.70 25.87 -10.32 20.04 20.04
10331 -0.69 29.66 -1.84 18.24 20.04
10361 -7.16 2.41 10.16 -10.79 -7.53
10391 -8.64 -19.78 8.16 -20.08 -11.73
10422 -11.97 -28.27 10.59 -20.08 9.45
10452 -6.79 -14.13 -5.65 20.04 14.63
10490 -5.28 -3.52 -2.04 18.91 20.04
10521 -18.53 -32.84 10.00 -0.55 -1.61
10551 -20.61 -51.46 13.65 -20.08 -17.53
10582 -12.14 -35.38 -14.51 20.04 20.04
10612 -9.28 -21.60 -0.78 20.04 20.04
10643 -14.31 -41.25 19.14 -20.08 -15.57
10673 -7.69 -31.34 -6.79 6.55 20.04
10703 -4.17 -18.03 -4.94 20.04 20.04
10734 -12.68 -39.87 18.71 -10.32 -11.53
10764 -7.21 -41.71 -8.12 -20.08 20.04
10795 -5.62 -26.56 -0.82 20.04 20.04
10825 -10.50 -46.77 16.28 -19.42 -20.08
10864 -0.66 -30.34 -17.57 20.04 20.04
10895 -11.61 -58.11 20.04 -0.16 -9.02
10926 -11.98 -56.53 6.08 -20.08 20.04
10956 -3.84 -39.42 -20.08 20.04 20.04
11003 -10.21 -42.54 17.34 -20.08 17.65
11034 -1.73 -26.30 -19.97 20.04 20.04
11064 -4.22 -11.51 10.94 20.04 15.02
11095 -8.52 -22.55 14.20 -20.08 5.92
11124 -1.41 -11.74 -13.14 14.08 17.65
11155 0.54 -1.27 -3.18 20.04 20.04
11186 -7.57 -24.28 17.18 -15.26 -13.10
11216 -0.33 -20.37 -13.26 -0.59 20.04
11254 -1.83 -8.32 5.61 18.44 20.04
11284 -7.19 -30.11 13.93 -20.08 -14.55
11315 1.48 -29.27 -18.75 -8.43 20.04
11345 -1.79 -17.36 5.73 16.36 20.04
11375 -7.54 -37.57 19.06 -20.08 -15.34
11406 2.78 -28.23 -19.10 5.65 20.04
11437 -8.71 -7.98 17.97 8.20 1.02
11466 -12.63 -18.59 12.08 -20.08 8.79
11500 -3.39 -4.82 -20.08 20.04 12.08
11534 -18.96 -12.66 19.53 -0.63 0.59
11565 -15.78 -9.64 -1.02 1.22 20.04
11594 -11.31 0.38 -7.41 20.04 20.04
11634 -11.08 -7.15 6.16 -20.08 20.04
11665 -2.73 3.83 -18.12 20.04 15.65
11695 -10.20 -16.47 20.01 -20.08 -6.67
11725 -2.19 -5.82 -20.08 17.85 20.04
11756 -17.05 -3.53 20.04 0.24 3.37
11786 -5.55 2.15 -20.08 9.96 20.04
11816 -14.25 9.30 20.04 7.02 8.43
11847 -11.25 0.36 1.02 -20.04 20.04
11877 -17.68 9.66 18.08 14.95 13.53
11908 -19.15 0.07 11.38 -20.08 20.04
11938 -9.59 8.14 -20.08 20.04 20.04
11968 -15.61 -2.45 20.04 -20.08 14.63
12007 -19.62 7.76 17.30 17.69 15.65
12037 -17.15 -2.78 1.10 -17.38 13.49
12067 -14.78 11.22 0.86 20.04 5.77
12097 -16.84 11.35 11.26 3.30 20.04
12128 -22.80 5.22 20.04 -7.96 15.49
12158 -10.97 4.27 -20.08 -1.22 20.04
12188 -16.69 -26.09 20.04 -4.35 -20.08
12219 -7.11 -13.45 -20.08 20.04 20.04
12250 -11.91 -35.74 20.04 -20.08 -20.08
12280 -3.04 -22.30 -20.08 20.04 20.04
12310 -7.41 -36.56 12.28 -20.08 -2.75
12341 -3.15 -18.20 -6.32 20.04 8.39
12380 6.80 -11.08 -20.08 7.88 20.04
12410 0.43 -33.81 20.04 -20.08 -20.08
12441 7.28 -19.28 -18.36 20.04 20.04
12471 -0.43 -38.37 20.04 -20.08 -14.59
12502 8.70 -19.12 -20.08 17.53 7.14
12532 12.27 -16.53 -7.41 -0.63 17.46
12562 -1.37 -6.09 20.04 5.41 5.77
12593 6.80 -2.78 -18.40 4.79 20.04
12622 -0.89 -24.50 20.04 -20.08 -14.79
12653 4.07 -11.71 -11.73 20.04 20.04
12684 -3.13 -32.76 20.04 -20.08 -16.99
12730 -9.82 -50.20 20.04 -20.08 -12.51
12768 -17.64 -16.73 20.04 20.04 -15.34
12798 -9.17 -5.67 -20.08 17.89 20.04
12829 -16.67 -26.77 20.04 -20.08 -10.71
12860 -6.59 -7.96 -20.08 20.04 4.51
12890 -3.45 -7.18 -2.08 -0.71 20.04
12920 -15.12 18.54 20.04 3.96 -3.77
12951 -6.58 23.95 -12.32 20.04 20.04
12982 -10.36 -4.00 20.04 -20.08 -19.14
13012 -1.09 4.92 -20.08 20.04 20.04
13043 -9.44 6.45 20.04 3.45 20.04
13074 -18.69 17.95 20.04 12.91 5.84
13114 -8.19 24.10 -20.08 20.04 20.04
13144 -12.87 12.65 20.04 -20.08 20.04
13173 -19.93 -0.74 20.04 -14.83 6.79
13204 -9.43 6.84 -20.08 15.34 20.04
13234 -15.07 -15.97 20.04 -20.08 -12.08
13264 -19.72 4.62 15.18 18.12 -2.20
13294 -10.50 6.12 -12.98 3.26 20.04
13325 -18.12 -8.33 20.04 -13.53 4.04
13355 -6.20 1.25 -20.08 13.73 12.67
13384 -8.14 -11.99 7.65 -20.08 6.00
13415 -12.43 7.95 14.36 19.97 -3.57
13451 -3.51 15.82 -20.08 20.04 20.04
13490 2.41 13.88 -13.81 0.39 20.04
13519 -4.76 -13.32 20.04 -20.08 -20.08
13550 -4.81 5.36 0.86 20.04 0.75
13581 -3.51 0.90 -2.63 -5.65 16.24
13611 -18.35 -6.96 20.04 -2.71 2.90
13641 -11.45 4.01 -11.81 20.04 15.22
13672 -8.31 -10.37 -3.45 -15.02 3.73
13703 -21.33 14.69 20.04 3.37 -2.94
13732 -13.27 25.43 -11.53 20.04 6.12
13763 -9.41 22.19 -3.73 1.14 17.69
13794 -15.40 -1.98 20.04 -20.08 -10.12
13825 -26.65 -15.97 20.04 -5.61 1.06
13863 -28.28 3.56 11.34 17.81 0.78
13894 -15.26 8.81 -20.08 12.55 20.04
13925 -20.22 10.48 20.04 5.30 20.04
13956 -22.77 -15.40 20.04 -20.08 -18.40
13985 -13.07 0.69 -10.75 20.04 4.47
14016 -7.38 8.27 -9.34 20.04 20.04
14046 -0.24 1.34 -7.30 -7.22 12.71
14076 -7.86 -17.88 20.04 -20.08 -4.59
14107 0.94 0.47 -20.08 20.04 0.98
14138 7.14 8.00 -20.08 17.18 20.04
14168 9.21 -2.76 -4.90 -10.51 8.00
14198 -0.47 -19.66 20.04 -20.08 -2.39
14229 -11.15 -33.47 20.04 -10.90 -1.10
14267 -21.61 -4.58 18.63 5.61 -3.84
14298 -9.81 2.90 -20.08 14.55 20.04
14327 -6.86 7.44 -1.10 10.24 20.04
14358 -8.31 -13.00 5.30 -15.53 -4.20
14389 -16.39 -29.03 20.04 -17.22 -2.94
14418 -6.72 -7.83 -15.73 20.04 -1.14
14449 -0.85 6.68 -10.24 20.04 6.32
14480 5.41 12.31 -14.83 13.38 20.04
14510 6.20 -5.14 -1.57 -20.08 0.47
14540 3.52 -18.69 2.35 -10.32 1.88
14570 -4.92 -35.29 20.04 -20.08 -6.00
14601 -3.73 -15.26 -2.28 20.04 3.41
14640 -7.67 -35.68 10.16 -20.08 -12.71
14670 -16.06 -16.17 18.51 12.51 4.08
14701 -6.05 -6.48 -18.59 15.02 20.04
14731 -0.77 2.43 -11.53 20.04 20.04
14761 7.05 4.80 -19.97 5.41 20.04
14801 14.15 9.09 -20.08 9.89 20.04
14835 20.21 10.87 -20.08 6.20 20.04
14866 9.92 -14.35 19.57 -20.08 -14.36
14896 -4.61 -43.81 20.04 -0.78 -7.06
14926 -17.52 -37.86 20.04 -0.78 5.26
14956 -8.58 -23.37 -20.08 20.04 20.04
14987 -0.93 -24.23 -10.40 -7.88 15.42
15026 2.82 -11.97 -7.37 20.04 20.04
15055 5.61 -11.35 -7.57 -2.08 20.04
15086 -3.17 -31.69 20.04 -20.08 -12.16
15117 -11.06 -47.32 19.69 -20.08 -8.20
15147 -19.35 -21.85 17.34 12.47 -1.45
15177 -8.79 -11.10 -20.08 15.06 20.04
15208 -5.89 -16.67 -1.29 -17.34 20.04
15239 -11.92 -34.31 20.04 -20.08 -9.41
15268 -15.53 -10.64 14.75 20.04 -3.69
15299 -4.24 2.90 -20.08 18.40 8.36
15330 -1.95 1.26 -3.41 -2.00 20.04
15376 7.16 6.47 -20.08 10.24 20.04
15406 -1.87 -9.66 20.04 -20.08 3.49
15436 7.00 -0.39 -20.08 16.36 20.04
15467 -0.37 -24.10 20.04 -20.08 -17.85
15498 5.15 -11.28 -16.20 20.04 20.04
15527 -1.70 -33.44 20.04 -20.08 -20.08
15558 4.75 -20.08 -20.08 20.04 20.04
15589 -10.51 -29.62 17.93 -2.31 0.82
15620 -13.03 -44.77 7.65 -20.08 -7.85
15650 -15.77 -50.14 4.67 -7.73 2.94
15680 -23.36 -52.12 8.71 -5.77 3.65
15711 -27.82 -60.82 14.44 -16.71 -1.73
15761 -26.01 -32.96 1.49 6.39 0.35
15792 -21.46 -28.61 -0.67 -2.59 13.26
15821 -27.13 -18.94 3.26 1.33 2.79
15852 -30.67 -10.50 2.90 1.29 2.75
15883 -23.12 -3.03 -3.49 6.90 11.61
15912 -18.26 0.58 -4.51 4.59 17.73
15943 -23.19 -7.43 4.43 -2.86 2.71
15974 -29.33 -13.75 7.45 -2.55 2.63
16005 -38.91 -40.49 10.12 -0.35 -1.06
16035 -32.63 -31.11 0.82 2.67 9.53
16065 -40.52 -40.06 5.37 -1.53 0.35
16096 -38.25 -25.79 2.16 3.06 3.53
16126 -23.96 -19.48 -4.39 0.71 4.63
16154 -22.17 -14.30 1.26 2.00 11.77
16185 -23.74 -10.53 2.98 0.78 5.96
16216 -25.62 -11.43 3.57 -1.33 5.14
16245 -18.11 -8.87 -3.37 0.82 12.47
16276 -21.08 -8.43 4.00 -0.78 5.22
16307 -20.33 -9.06 1.22 -2.43 9.06
16336 -17.37 -6.01 1.18 2.59 20.04
16367 -14.69 -3.29 1.29 1.02 9.96
16398 -10.71 1.81 -3.84 7.96 18.91
16428 -11.83 4.15 2.47 2.00 9.14
16458 -11.41 5.92 3.14 2.35 9.34
16488 -23.71 -16.89 11.26 -1.33 -0.86
16528 -24.75 -45.76 11.89 -2.79 -14.47
16559 -27.06 -67.58 6.47 -3.10 -9.22
16589 -28.59 -59.21 3.14 -1.49 5.37
16619 -30.64 -81.00 9.49 -1.18 -10.43
16650 -29.39 -60.90 1.06 3.45 4.39
16692 -26.18 -48.32 3.73 2.75 13.53
16724 -22.33 -39.10 -0.20 0.78 10.43
16755 -24.91 -41.85 2.71 -3.06 2.31
16785 -33.82 -67.51 9.49 -0.08 -2.94
16816 -41.09 -57.22 7.22 -0.47 3.65
16846 -36.72 -45.05 3.41 2.39 10.00
16876 -28.38 -34.30 -1.29 6.08 20.04
16915 -26.28 -27.12 7.49 1.96 18.01
16946 -31.29 -40.77 8.32 -4.39 -0.90
16975 -22.85 -33.65 -2.24 -0.31 11.26
17006 -25.02 -29.85 2.67 -0.90 3.49
17037 -33.28 -40.98 8.28 -2.82 -0.16
17067 -37.13 -63.15 9.61 -2.63 -6.90
17097 -35.06 -52.87 3.53 -0.20 8.98
17128 -31.50 -47.68 1.26 -3.10 7.53
17158 -25.10 -35.99 -1.33 7.92 20.04
17188 -35.02 -47.75 6.43 -1.49 -0.27
17218 -28.75 -38.09 -1.22 1.18 9.65
17249 -21.57 -32.73 -3.49 -2.00 16.24
17289 -16.09 -25.29 -1.26 2.39 15.18
17326 -18.09 -30.41 3.45 -6.67 4.79
17356 -17.70 -19.47 3.61 6.55 13.30
17386 -14.97 -14.39 0.24 0.78 8.83
17417 -19.55 -21.00 8.08 -7.65 5.65
17447 -19.47 -30.00 1.69 -5.26 1.73
17477 -14.70 -19.36 -2.04 9.14 16.51
17508 -10.23 -10.30 -3.57 10.94 20.04
17539 -4.11 -3.97 -8.36 7.88 20.04
17569 -15.59 -11.34 7.85 -2.08 1.84
17609 -16.81 -25.67 4.86 -14.98 0.16
17642 -19.28 -44.52 7.14 -8.75 -6.12
17681 -14.83 -30.80 -1.53 8.36 15.02
17712 -13.96 -22.89 1.41 1.65 7.65
17741 -12.76 -15.42 2.28 3.22 13.14
17772 -12.51 -17.39 0.82 -4.24 8.39
17803 -10.26 -8.64 -0.51 6.98 11.30
17832 -4.93 -2.13 -5.37 8.36 18.51
17863 -3.73 -1.86 1.61 -1.41 18.20
17894 -2.02 -0.36 -2.20 0.51 15.65
17925 0.00 3.30 -0.82 3.77 12.36
17954 -0.46 7.51 1.41 5.49 12.36
17985 3.34 10.36 -11.57 7.30 20.04
18016 3.46 18.97 -1.80 6.63 5.02
18045 -8.24 7.30 7.73 -2.63 2.08
18085 -5.09 8.16 -5.45 2.67 18.75
18115 -1.49 9.53 -4.86 2.86 14.79
18146 2.20 8.95 -5.88 -0.24 16.99
18176 3.91 9.25 -5.77 2.94 20.04
18206 1.25 10.78 3.61 3.69 16.55
18237 -3.88 7.72 4.82 -1.69 10.28
18267 -2.34 6.25 -1.33 -0.55 16.59
18297 -2.78 6.48 0.78 0.63 6.67
18328 -7.15 5.56 8.59 -0.47 14.20
18358 -14.75 1.18 2.90 -0.71 1.73
18388 -15.85 4.22 1.41 0.90 3.18
18418 -11.63 4.51 -1.29 0.55 15.81
18457 -12.29 5.02 3.77 0.86 10.12
18487 -17.22 -0.12 3.45 -1.53 3.14
18525 -13.69 1.18 0.43 1.18 9.53
18564 -10.86 2.17 -1.06 1.41 18.63
18593 -12.83 2.30 5.69 0.94 19.06
18624 -12.18 3.03 2.24 1.69 14.98
18655 -21.66 -15.46 6.08 -2.35 -0.31
18684 -14.53 -13.31 -6.51 -1.22 19.14
18715 -12.34 -7.92 -0.67 4.24 14.87
18745 -12.74 -6.54 2.00 0.08 13.93
18776 -15.48 -38.05 7.96 -0.04 -11.85
18806 -18.70 -34.40 4.28 -1.49 5.57
18836 -12.94 -28.68 -7.45 -0.67 20.04
18878 -16.95 -26.58 4.51 -1.37 6.71
18912 -17.08 -28.52 1.96 -3.22 4.55
18945 -13.91 -20.95 -0.67 4.59 16.91
18977 -10.55 -20.59 -0.27 -2.86 9.57
19011 -14.69 -28.30 6.94 -10.83 5.92
19044 -13.38 -41.59 2.90 -20.08 -1.88
19077 -12.26 -54.44 3.88 -20.08 -5.53
19109 -18.73 -67.51 9.38 -7.73 -3.96
19143 -17.71 -46.86 4.28 13.38 11.10
19176 -13.55 -40.04 -1.96 -1.45 13.26
19209 -21.60 -41.56 7.61 -3.84 3.77
19241 -17.02 -39.35 -0.71 -3.49 8.20
19286 -14.56 -31.11 0.67 1.33 10.28
19319 0.04 -33.29 -4.43 -2.08 2.16
19349 -0.58 -27.10 -0.47 0.08 11.34
19379 -3.42 -18.87 2.35 3.30 9.69
19408 -10.11 15.89 8.36 1.22 -7.61
19438 -20.46 -12.15 6.67 -2.00 -2.79
19469 -13.28 -10.39 -3.26 -0.59 12.40
19499 -10.85 -8.30 0.43 0.04 16.20
19528 -5.02 -5.45 -6.63 1.41 17.34
19558 -6.24 -2.89 3.37 2.20 13.57
19589 -7.97 -4.44 3.06 -2.67 10.67
19618 -8.14 -8.81 0.90 -3.88 6.43
19657 -23.10 22.33 4.20 0.24 -0.55
19687 -15.64 19.97 -9.18 1.77 20.04
19718 -16.30 18.30 1.77 0.59 4.82
19747 -17.00 16.61 3.06 0.47 7.34
19778 -19.23 12.98 2.82 -0.67 4.86
19808 -16.25 11.15 0.16 -0.12 10.40
19838 -25.74 37.84 8.51 0.98 -2.24
19869 -24.25 34.53 2.20 2.20 9.92
19899 -20.51 29.93 0.04 0.51 11.85
19930 -23.38 27.01 4.16 0.75 4.90
19959 -20.99 21.60 1.22 -1.53 9.69
19990 -19.87 18.57 2.28 0.20 9.41
20020 -15.63 15.78 -1.41 -0.20 12.94
20058 -14.39 15.11 1.22 1.33 8.90
20088 -13.46 12.42 1.41 -0.31 8.55
20118 -13.24 11.68 2.04 0.94 8.71
20149 -12.75 12.73 1.92 2.59 9.49
20178 -12.17 12.76 1.69 1.77 9.26
20208 -11.34 9.66 1.29 -1.02 9.06
20239 -10.34 8.52 1.18 0.31 9.77
20269 -10.24 8.96 1.77 1.57 9.34
20299 -10.02 9.03 1.61 1.26 8.87
20329 -9.61 7.06 1.41 -0.55 9.53
20359 -9.35 5.77 1.57 -0.20 9.45
20389 -9.11 5.95 1.57 0.98 9.69
20428 -9.17 6.09 1.61 0.86 8.75
20467 -8.67 4.80 1.26 -0.24 9.73
20498 -8.36 4.14 1.37 0.12 9.45
20528 -8.09 5.01 1.37 1.41 9.65
20558 -7.70 4.36 1.14 0.16 9.45
20588 -7.62 3.45 1.41 -0.20 9.81
20618 -7.65 2.79 1.53 -0.12 9.85
20648 -7.58 3.24 1.49 0.82 9.61
20678 -7.31 3.63 1.26 0.86 9.77
20709 -6.99 2.97 1.18 -0.04 9.65
20739 -6.54 2.20 1.06 -0.24 9.22
20768 -7.07 2.56 1.33 0.67 9.10
20799 -7.79 3.18 2.00 0.98 9.49
20829 -8.02 2.91 1.33 0.24 9.34
20867 -8.43 2.89 1.57 0.39 9.26
20897 -8.45 2.53 1.53 0.12 9.02
20927 -8.25 2.71 1.57 0.55 9.49
20957 -8.74 3.08 1.80 0.71 9.18
20987 -8.72 3.03 1.65 0.43 9.45
21017 -9.13 2.57 1.88 0.04 9.57
21048 -9.05 2.88 1.53 0.71 9.73
21078 -8.64 2.91 1.29 0.51 9.57
21107 -8.30 2.50 1.06 0.08 8.90
21138 -8.05 2.21 1.26 0.16 9.49
21168 -7.81 2.44 1.10 0.67 9.57
21200 -7.55 2.73 1.02 0.82 9.34
21234 -7.33 2.38 0.98 0.20 9.73
21274 -6.25 1.15 0.35 -0.55 9.10
21304 -7.65 1.16 2.20 0.08 8.67
21335 -9.93 0.63 3.02 -0.39 9.45
21364 -11.36 -0.50 2.51 -0.94 8.90
21405 -11.85 0.37 1.88 0.59 9.18
21439 -12.26 2.35 1.92 1.61 8.79
21469 -12.45 2.41 2.20 0.35 9.69
21499 -15.57 2.26 4.20 0.24 9.22
21529 -17.52 1.52 3.65 -0.27 10.20
21560 -18.35 1.73 2.86 0.47 9.30
21590 -19.18 2.05 2.39 0.59 9.02
21620 -18.72 1.82 1.49 0.16 9.61
21651 -19.83 2.71 3.14 1.18 9.45
21689 -22.03 1.07 3.33 -0.98 9.92
21720 -20.68 3.00 2.47 1.61 7.57
21749 -21.93 1.34 5.06 -1.10 8.87
21780 -24.78 0.03 6.16 -0.90 8.28
21810 -26.03 -0.56 5.45 -0.43 8.63
21840 -26.70 0.61 4.47 0.90 8.71
21870 -27.39 1.56 5.30 0.78 7.92
21901 -27.32 1.02 4.47 -0.27 8.83
21931 -26.62 0.24 4.12 -0.55 9.34
21961 -25.50 0.19 3.49 0.04 9.26
21991 -24.25 1.26 3.18 1.10 9.57
22022 -23.19 1.56 3.22 0.47 9.34
22051 -23.41 1.46 3.84 0.16 8.87
22091 -24.04 1.66 4.28 0.39 8.59
22121 -24.52 1.44 4.63 0.08 9.10
22152 -24.95 1.17 4.39 0.00 8.75
22181 -25.38 1.31 4.63 0.31 8.79
22212 -25.10 1.33 4.12 0.24 9.30
22242 -24.78 1.44 3.96 0.35 9.18
22273 -24.48 1.57 3.92 0.35 9.10
22302 -24.33 1.50 3.84 0.20 8.79
22333 -24.37 1.63 4.12 0.35 9.02
22375 -24.71 1.60 4.24 0.20 8.59
22405 -24.82 1.57 4.35 0.20 9.14
22435 -24.82 1.54 4.24 0.24 9.06
22465 -24.91 1.75 4.20 0.43 8.87
22503 -24.82 1.72 3.96 0.24 8.71
22534 -24.78 1.58 4.12 0.16 9.06
22563 -24.76 1.54 4.08 0.24 8.87
22594 -24.94 1.58 4.20 0.27 8.75
22625 -24.92 1.53 4.16 0.20 8.98
22654 -24.82 1.59 4.12 0.31 9.10
22685 -24.84 1.80 4.16 0.43 8.94
22716 -24.88 1.67 4.04 0.16 8.71
22746 -24.83 1.66 4.08 0.27 8.98
22776 -24.86 1.80 4.20 0.39 8.98
22807 -24.84 1.72 4.00 0.20 8.67
22837 -24.67 1.71 4.00 0.24 9.06
22867 -24.69 1.82 4.20 0.35 9.06
22898 -24.81 1.92 4.16 0.35 8.79
22937 -24.79 1.88 4.20 0.27 9.14
22968 -24.79 1.81 4.08 0.24 8.83
22999 -24.78 1.93 4.16 0.39 9.02
23028 -24.61 1.67 4.04 0.08 9.10
23059 -24.73 1.75 4.24 0.35 9.02
23090 -24.75 1.79 4.20 0.31 9.06
23119 -24.79 1.49 4.04 0.04 8.67
23156 -24.95 1.41 4.20 0.20 8.71
23187 -24.78 1.42 4.12 0.24 9.18
23218 -24.70 1.48 4.12 0.27 9.10
23247 -24.83 1.38 4.08 0.16 8.67
23278 -24.66 1.53 4.12 0.39 9.26
23320 -24.80 1.53 4.04 0.24 8.51
23359 -24.69 1.41 4.00 0.16 8.90
23390 -24.63 1.46 4.04 0.27 8.94
23419 -24.80 1.55 4.20 0.31 8.83
23450 -24.71 1.44 3.96 0.16 8.79
23481 -24.72 1.53 4.16 0.31 8.98
23511 -24.84 1.73 4.24 0.39 8.94
23541 -25.01 1.72 4.04 0.24 8.39
23572 -24.93 1.50 4.08 0.08 8.90
23603 -25.06 1.62 4.35 0.35 9.06
23632 -25.19 1.58 4.00 0.20 8.32
23663 -25.16 1.60 4.20 0.27 9.06
23694 -25.09 1.82 4.24 0.47 9.18
23725 -25.19 1.80 4.12 0.24 8.59
23763 -25.21 1.89 4.24 0.35 9.06
23794 -25.00 1.99 4.12 0.39 9.18
23825 -24.90 1.99 4.16 0.31 9.14
23855 -24.65 1.82 4.04 0.16 9.22
23885 -24.58 1.88 4.04 0.31 8.98
23916 -24.70 2.01 4.24 0.43 9.02
23947 -24.52 1.78 3.92 0.12 8.98
23976 -24.63 1.72 4.16 0.24 8.90
24007 -24.62 1.85 4.20 0.39 9.18
24038 -24.71 1.54 4.08 0.04 8.63
24068 -24.71 1.49 4.08 0.20 8.83
24098 -24.64 1.54 4.16 0.27 9.18
24129 -24.89 1.70 4.16 0.35 8.47
24167 -24.84 1.63 4.12 0.20 9.02
24198 -24.74 1.50 4.08 0.16 9.02
24239 -25.00 1.53 4.08 0.24 8.39
24272 -24.93 1.64 4.20 0.31 9.18
24303 -25.06 1.57 4.00 0.20 8.36
24334 -24.99 1.64 4.20 0.31 9.14
24364 -25.04 1.77 4.28 0.35 9.10
24394 -25.02 1.85 4.08 0.31 8.83
24425 -24.96 1.83 4.20 0.27 9.10
24456 -24.75 1.74 3.96 0.20 8.94
24485 -24.85 1.72 4.16 0.24 8.79
24516 -24.57 1.45 3.88 0.04 9.06
24547 -24.51 1.45 4.04 0.24 8.98
24586 -24.56 1.43 4.16 0.20 8.98
24616 -24.75 1.48 4.16 0.27 8.67
24647 -24.68 1.46 4.20 0.24 9.22
24677 -24.59 1.48 4.08 0.27 9.06
24708 -24.82 1.67 4.12 0.35 8.47
24738 -24.81 1.74 4.28 0.35 9.26
24769 -24.87 1.71 4.24 0.24 9.02
24799 -24.92 1.77 4.16 0.31 8.87
24829 -24.81 1.76 4.24 0.27 9.38
24860 -24.78 1.70 4.20 0.24 9.06
24890 -24.85 1.80 4.16 0.35 8.87
24921 -24.78 1.75 4.12 0.24 9.06
24951 -24.78 1.74 4.16 0.27 9.02
24989 -24.87 1.75 4.16 0.27 8.87
25019 -24.94 1.67 3.96 0.20 8.43
25050 -25.05 1.65 4.35 0.24 9.10
25083 -24.90 1.69 4.16 0.31 9.18
25117 -24.88 1.73 4.20 0.31 9.06
25157 -25.11 1.85 4.12 0.35 8.43
25191 -24.94 1.91 4.08 0.31 9.06
25222 -24.92 1.93 4.08 0.31 8.83
25252 -24.88 1.87 4.24 0.24 9.22
25282 -24.86 1.89 4.20 0.31 9.10
25313 -24.89 1.86 4.12 0.27 8.79
25344 -24.76 1.67 4.12 0.12 9.18
25374 -24.63 1.73 4.04 0.31 9.10
25421 -24.76 1.78 4.24 0.31 8.87
25453 -24.54 1.35 3.88 -0.08 8.87
25485 -24.44 1.42 4.00 0.27 8.94
25517 -24.56 1.33 4.12 0.16 8.79
25548 -24.65 1.44 4.28 0.31 9.10
25580 -24.82 1.40 4.16 0.20 8.63
25613 -24.95 1.45 4.31 0.27 9.14
25645 -25.15 1.56 4.12 0.31 8.47
25676 -25.00 1.57 4.12 0.27 9.06
25708 -25.16 1.67 4.20 0.31 8.75
25740 -25.20 1.74 4.24 0.31 8.94
25772 -25.21 1.84 4.16 0.35 8.83
25803 -24.98 1.85 4.00 0.27 9.10
25843 -24.81 1.87 4.08 0.31 9.10
25873 -24.81 1.79 4.00 0.20 8.67
25903 -24.61 1.75 4.00 0.24 9.10
25932 -24.52 1.76 4.08 0.27 9.10
25963 -24.65 1.84 4.24 0.35 8.94
25993 -24.68 1.78 4.08 0.20 8.79
26022 -24.61 1.72 4.12 0.24 9.10
26052 -24.70 1.68 4.16 0.24 8.90
26083 -24.74 1.85 4.20 0.43 9.02
26113 -24.70 1.61 3.96 0.08 8.67
26142 -24.57 1.69 4.08 0.35 9.18
26172 -24.58 1.57 4.08 0.16 8.90
26203 -24.65 1.68 4.16 0.35 8.87
26232 -24.84 1.70 4.12 0.27 8.51
26291 -24.76 1.77 4.28 0.31 9.26
26323 -24.85 1.82 4.28 0.31 9.02
26356 -24.72 1.80 4.12 0.27 9.18
26388 -24.98 1.88 4.12 0.35 8.43
26421 -24.86 1.92 4.12 0.31 9.06
26454 -25.01 1.80 4.12 0.20 8.63
26486 -24.81 1.68 4.04 0.20 9.14
26518 -24.63 1.59 3.92 0.16 8.83
26551 -24.68 1.50 4.16 0.20 8.90
26584 -24.49 1.67 4.12 0.39 9.34
26616 -24.57 1.92 4.24 0.47 9.10
26648 -24.54 1.88 4.16 0.27 9.10
26681 -24.62 1.98 4.16 0.35 8.94
26721 -24.56 1.93 4.16 0.24 9.22
26754 -24.62 2.03 4.20 0.39 8.98
26786 -24.67 1.92 4.20 0.24 9.06
26819 -24.78 1.90 4.12 0.27 8.79
26851 -24.77 1.87 4.12 0.27 8.94
26884 -24.87 1.84 4.12 0.24 8.71
26916 -24.72 1.77 4.08 0.24 9.10
26948 -24.86 1.69 4.00 0.20 8.43
26981 -24.77 1.69 4.04 0.27 8.94
27014 -24.69 1.58 3.96 0.16 8.71
27046 -24.68 1.70 4.20 0.35 9.18
27089 -24.42 1.79 4.04 0.35 9.30
27128 -24.49 1.91 4.24 0.39 9.14
27169 -24.59 1.67 4.12 0.12 8.87
27203 -24.40 1.56 3.96 0.20 9.02
27235 -24.41 1.58 4.24 0.27 9.26
27268 -24.52 1.72 4.28 0.39 9.14
27300 -24.50 1.71 4.24 0.27 9.30
27333 -24.57 1.60 4.12 0.20 8.90
27366 -24.53 1.65 4.16 0.31 9.14
27398 -24.63 1.56 4.08 0.20 8.75
27430 -24.58 1.59 4.16 0.27 9.18
27463 -24.69 1.36 4.08 0.08 8.67
27496 -24.59 1.40 4.12 0.27 9.18
27529 -24.43 1.18 3.92 0.04 8.94
27560 -24.39 1.39 4.16 0.39 9.18
27601 -24.28 1.36 3.92 0.20 8.83
27634 -24.36 1.52 4.24 0.35 9.22
27666 -24.21 1.54 4.04 0.27 9.22
27699 -24.42 1.54 4.20 0.24 8.87
27731 -24.48 1.60 4.20 0.27 9.10
27764 -24.50 1.71 4.08 0.35 8.90
27796 -24.58 1.78 4.12 0.31 8.90
27829 -24.67 1.83 4.08 0.31 8.75
27862 -24.78 1.74 4.28 0.20 9.02
27893 -25.13 1.70 4.16 0.20 8.36
27926 -25.07 1.62 4.20 0.20 9.02
27959 -25.07 1.53 3.92 0.16 8.43
27991 -25.06 1.60 4.28 0.31 9.18
28033 -25.13 1.55 4.12 0.20 8.71
28065 -25.00 1.51 4.12 0.24 9.06
28104 -24.90 1.54 4.16 0.27 9.14
28140 -24.86 1.60 4.20 0.27 9.14
28172 -24.74 1.65 4.20 0.31 9.30
28205 -24.79 1.87 4.20 0.43 8.98
28237 -24.76 1.73 4.16 0.16 9.06
