887, -4.02, -5.31, 1.57, 0.24, 8.63
945, -5.71, -4.38, 1.96, 0.20, 9.57
974, -6.81, -3.53, 1.92, 0.16, 9.85
1005, -7.71, -3.16, 1.84, -0.04, 9.18
1035, -8.35, -2.76, 1.92, 0.08, 9.85
1065, -8.89, -2.36, 1.92, 0.16, 9.61
1095, -9.47, -1.94, 2.00, 0.24, 9.45
1126, -9.93, -1.68, 2.08, 0.16, 9.89
1157, -10.22, -1.41, 1.92, 0.20, 9.57
1186, -10.42, -1.32, 1.88, 0.08, 9.69
1217, -10.49, -1.14, 1.77, 0.16, 9.41
1247, -10.70, -0.98, 1.96, 0.20, 9.73
1277, -10.75, -0.89, 1.84, 0.12, 9.61
1307, -10.93, -0.92, 1.88, 0.04, 9.14
1345, -11.03, -0.99, 1.80, 0.00, 9.18
1376, -11.11, -0.85, 1.92, 0.16, 9.57
1430, -11.12, -1.06, 1.80, -0.08, 9.49
1461, -11.32, -0.78, 2.04, 0.24, 9.57
1490, -11.31, -0.35, 1.84, 0.39, 9.41
1521, -11.31, -0.35, 1.88, 0.08, 9.77
1551, -11.27, -0.51, 1.80, -0.04, 9.45
1582, -11.38, -0.48, 1.92, 0.08, 9.38
1611, -11.32, -0.39, 1.77, 0.12, 9.34
1642, -11.34, -0.36, 1.88, 0.12, 9.49
1672, -11.48, -0.18, 2.00, 0.24, 9.57
1702, -11.39, -0.30, 1.77, 0.00, 9.38
1732, -11.43, -0.22, 1.96, 0.16, 9.73
1772, -11.42, -0.14, 1.84, 0.16, 9.49
1802, -11.36, -0.13, 1.84, 0.08, 9.57
1832, -11.18, -0.37, 1.69, -0.12, 9.22
1862, -11.31, -0.39, 2.00, 0.04, 9.77
1893, -11.32, -0.32, 1.88, 0.12, 9.57
1923, -11.30, -0.18, 1.84, 0.16, 9.38
1953, -11.23, -0.06, 1.88, 0.20, 9.89
1983, -11.08, -0.05, 1.80, 0.08, 9.81
2014, -11.20, 0.14, 2.00, 0.24, 9.77
2043, -10.95, -0.06, 1.61, -0.08, 9.38
2074, -10.85, -0.06, 1.77, 0.08, 9.69
2104, -10.88, 0.09, 1.88, 0.20, 9.77
2135, -10.98, 0.23, 1.84, 0.20, 9.06
2172, -10.91, 0.11, 1.73, 0.00, 9.38
2202, -10.90, 0.21, 1.84, 0.16, 9.65
2246, -10.85, 0.10, 1.84, 0.04, 9.85
2283, -10.66, -0.03, 1.61, 0.00, 9.38
2317, -10.69, 0.10, 1.77, 0.16, 9.41
2347, -10.63, -0.06, 1.69, -0.04, 9.22
2377, -10.71, 0.01, 1.92, 0.12, 9.77
2408, -10.91, 0.20, 2.00, 0.24, 9.65
2438, -10.80, 0.15, 1.65, 0.04, 9.10
2468, -10.82, 0.05, 1.84, 0.00, 9.61
2498, -10.83, 0.38, 1.84, 0.35, 9.69
2529, -10.73, 0.48, 1.69, 0.20, 9.38
2560, -10.90, 0.50, 2.00, 0.16, 9.73
2589, -10.93, 0.50, 1.84, 0.12, 9.53
2618, -11.06, 0.57, 1.92, 0.16, 9.45
2648, -11.08, 0.52, 1.84, 0.08, 9.41
2678, -11.00, 0.51, 1.80, 0.12, 9.57
2708, -11.08, 0.59, 1.88, 0.16, 9.45
2739, -10.94, 0.62, 1.73, 0.16, 9.53
2768, -10.86, 0.40, 1.69, -0.08, 9.06
2799, -11.08, 0.49, 2.04, 0.16, 9.69
2829, -11.11, 0.57, 1.88, 0.20, 9.49
2860, -11.05, 0.59, 1.77, 0.12, 9.38
2889, -11.04, 0.58, 1.88, 0.12, 9.85
2920, -11.00, 0.49, 1.84, 0.04, 9.69
2950, -11.08, 0.44, 1.92, 0.08, 9.57
2980, -10.95, 0.30, 1.65, -0.04, 9.18
3019, -10.96, 0.48, 1.88, 0.27, 9.81
3050, -11.00, 0.41, 1.88, 0.04, 9.57
3080, -10.95, 0.43, 1.80, 0.12, 9.53
3110, -10.72, 0.25, 1.65, -0.08, 9.57
3156, -10.75, 0.08, 1.80, -0.04, 9.38
3186, -10.92, 0.06, 2.00, 0.04, 9.73
3216, -10.94, 0.18, 1.88, 0.16, 9.65
3247, -10.94, 0.44, 1.84, 0.27, 9.45
3276, -10.94, 0.45, 1.88, 0.08, 9.85
3307, -10.86, 0.30, 1.80, -0.04, 9.65
3337, -10.95, 0.25, 1.92, 0.04, 9.69
3367, -10.96, 0.38, 1.80, 0.20, 9.34
3397, -11.06, 0.42, 2.00, 0.12, 9.73
3435, -11.12, 0.44, 1.92, 0.12, 9.65
3465, -11.24, 0.51, 2.00, 0.16, 9.57
3495, -11.13, 0.49, 1.73, 0.08, 9.30
3525, -11.24, 0.53, 2.00, 0.12, 9.73
3555, -11.24, 0.63, 1.88, 0.20, 9.53
3586, -11.19, 0.84, 1.84, 0.27, 9.53
3615, -10.98, 0.59, 1.61, -0.08, 9.18
3645, -10.94, 0.53, 1.84, 0.04, 9.77
3676, -10.97, 0.67, 1.88, 0.24, 9.69
3705, -10.96, 0.89, 1.80, 0.31, 9.34
3736, -10.98, 0.67, 1.84, -0.08, 9.49
3766, -11.10, 0.44, 1.96, -0.08, 9.49
3795, -11.14, 0.51, 1.88, 0.16, 9.45
3826, -11.11, 0.59, 1.69, 0.16, 8.90
3865, -11.07, 0.54, 1.88, 0.08, 9.89
3895, -11.07, 0.50, 1.88, 0.08, 9.65
3926, -11.24, 0.63, 2.00, 0.24, 9.41
3955, -11.21, 0.68, 1.77, 0.16, 9.10
3985, -11.29, 0.67, 2.00, 0.12, 9.69
4028, -11.25, 0.60, 1.88, 0.08, 9.73
4061, -11.10, 0.72, 1.80, 0.20, 9.69
4091, -11.11, 0.70, 1.92, 0.12, 9.69
4121, -11.15, 0.65, 1.84, 0.08, 9.18
4151, -11.06, 0.66, 1.80, 0.12, 9.69
4182, -10.98, 0.63, 1.84, 0.08, 9.73
4211, -10.98, 0.73, 1.88, 0.20, 9.53
4248, -11.05, 0.65, 1.92, 0.08, 9.61
4286, -10.91, 0.47, 1.69, -0.04, 9.22
4317, -10.93, 0.52, 1.88, 0.12, 9.69
4346, -10.99, 0.72, 1.92, 0.24, 9.81
4377, -10.93, 0.61, 1.77, 0.04, 9.26
4407, -10.95, 0.68, 1.88, 0.16, 9.61
4438, -11.04, 0.63, 1.88, 0.04, 9.41
4467, -11.11, 0.65, 1.92, 0.16, 9.45
4498, -11.16, 0.53, 1.80, 0.00, 9.02
4528, -11.17, 0.55, 1.92, 0.12, 9.65
4558, -11.20, 0.55, 1.92, 0.12, 9.57
4588, -11.09, 0.58, 1.73, 0.12, 9.38
4619, -11.04, 0.69, 1.88, 0.20, 9.85
4648, -10.95, 0.61, 1.77, 0.04, 9.49
4679, -11.16, 0.61, 2.00, 0.08, 9.49
4718, -11.12, 0.66, 1.80, 0.16, 9.38
4748, -11.04, 0.69, 1.84, 0.12, 9.73
4779, -10.79, 0.55, 1.65, 0.00, 9.65
4808, -10.87, 0.62, 1.88, 0.16, 9.49
4839, -10.89, 0.50, 1.84, 0.00, 9.49
4869, -10.95, 0.38, 1.96, 0.00, 10.00
4898, -11.10, 0.53, 2.00, 0.20, 9.69
4946, -10.90, 0.49, 1.65, 0.04, 9.14
4977, -10.88, 0.36, 1.84, 0.00, 9.61
5007, -10.85, 0.47, 1.84, 0.16, 9.69
5037, -10.84, 0.55, 1.88, 0.16, 9.73
5066, -10.98, 0.67, 1.88, 0.20, 9.10
5097, -11.09, 0.70, 2.00, 0.16, 9.89
5135, -11.00, 0.69, 1.84, 0.12, 9.73
5165, -10.88, 0.70, 1.77, 0.12, 9.73
5194, -10.81, 0.62, 1.73, 0.04, 9.30
5224, -10.56, 0.47, 1.57, -0.04, 9.34
5255, -10.59, 0.65, 1.84, 0.24, 9.73
5284, -10.81, 0.72, 2.00, 0.16, 9.49
5314, -10.88, 0.65, 1.80, 0.04, 9.22
5345, -10.82, 0.60, 1.80, 0.08, 9.69
5374, -10.84, 0.69, 1.84, 0.16, 9.61
5404, -11.14, 0.65, 2.12, 0.08, 9.53
5434, -11.19, 0.54, 1.80, 0.00, 9.02
5464, -11.14, 0.56, 1.88, 0.12, 9.77
5494, -11.00, 0.41, 1.73, -0.04, 9.49
5524, -10.97, 0.54, 1.84, 0.20, 9.57
5552, -10.96, 0.69, 1.84, 0.24, 9.57
5581, -10.82, 0.54, 1.65, -0.04, 9.30
5612, -10.86, 0.56, 1.88, 0.12, 9.57
5642, -10.91, 0.71, 1.92, 0.24, 9.81
5671, -10.87, 0.75, 1.80, 0.16, 9.45
5701, -10.81, 0.62, 1.69, 0.00, 9.22
5731, -10.82, 0.55, 1.84, 0.04, 9.57
5762, -10.90, 0.65, 1.92, 0.16, 9.77
5811, -10.88, 0.76, 1.80, 0.20, 9.38
5840, -10.93, 0.70, 1.88, 0.08, 9.53
5870, -10.89, 0.75, 1.80, 0.16, 9.53
5901, -10.98, 0.73, 1.92, 0.12, 9.49
5931, -10.96, 0.70, 1.73, 0.08, 9.02
5969, -10.98, 0.59, 1.92, 0.04, 9.81
5999, -10.81, 0.47, 1.73, 0.00, 9.61
6029, -10.91, 0.67, 1.96, 0.27, 9.73
6060, -10.99, 0.68, 1.92, 0.12, 9.45
6089, -10.89, 0.72, 1.84, 0.16, 9.85
6119, -10.89, 0.81, 1.84, 0.20, 9.65
6149, -10.94, 0.81, 1.88, 0.12, 9.49
6185, -10.99, 0.69, 1.96, 0.04, 9.89
6215, -11.08, 0.79, 1.84, 0.20, 9.06
6246, -11.06, 0.96, 1.88, 0.27, 9.81
6276, -11.01, 0.96, 1.88, 0.16, 9.73
6305, -11.10, 0.96, 1.96, 0.16, 9.73
6336, -11.02, 0.79, 1.77, 0.00, 9.22
6374, -10.85, 0.49, 1.69, -0.12, 9.53
6404, -10.83, 0.50, 1.84, 0.08, 9.85
6433, -10.86, 0.60, 1.88, 0.20, 9.61
6464, -10.77, 0.57, 1.65, 0.08, 9.02
6494, -10.94, 0.68, 2.00, 0.20, 9.61
6523, -10.83, 0.75, 1.73, 0.16, 9.49
6554, -10.82, 0.85, 1.80, 0.20, 9.53
6584, -10.83, 0.69, 1.80, 0.00, 9.26
6614, -10.80, 0.62, 1.80, 0.04, 9.69
6657, -10.97, 0.79, 1.84, 0.20, 8.94
6687, -11.02, 0.85, 1.92, 0.20, 9.69
6717, -10.97, 0.91, 1.84, 0.20, 9.69
6747, -11.03, 0.87, 1.92, 0.12, 9.61
6777, -10.91, 0.67, 1.69, -0.04, 9.30
6818, -10.86, 0.70, 1.84, 0.12, 9.61
6850, -10.93, 0.86, 1.80, 0.24, 9.10
6882, -10.98, 0.83, 1.92, 0.12, 9.61
6914, -11.04, 0.96, 1.88, 0.24, 9.38
6945, -10.98, 0.97, 1.84, 0.16, 9.85
6978, -11.02, 1.10, 1.88, 0.27, 9.49
7010, -11.00, 1.03, 1.88, 0.12, 9.77
7042, -11.13, 1.07, 1.96, 0.20, 9.53
7073, -11.03, 0.95, 1.80, 0.08, 9.73
7105, -11.10, 0.98, 1.92, 0.20, 9.57
7137, -11.23, 1.01, 2.04, 0.20, 9.85
7169, -11.27, 0.99, 1.96, 0.16, 9.65
7201, -11.07, 0.91, 1.80, 0.08, 9.92
7240, -11.13, 1.09, 1.92, 0.31, 9.61
7270, -11.10, 1.07, 1.84, 0.16, 9.45
7300, -11.01, 0.85, 1.73, -0.04, 9.38
7329, -10.95, 0.69, 1.80, 0.00, 9.61
7358, -11.03, 0.67, 1.96, 0.12, 9.65
7388, -10.94, 0.64, 1.80, 0.08, 9.77
7417, -10.90, 0.61, 1.77, 0.08, 9.30
7447, -10.89, 0.68, 1.73, 0.12, 9.10
7477, -10.93, 0.67, 1.92, 0.12, 9.73
7506, -10.98, 0.61, 1.92, 0.08, 9.61
7536, -11.13, 0.60, 1.96, 0.08, 9.45
7585, -11.18, 0.71, 1.84, 0.20, 9.14
7615, -11.03, 0.81, 1.77, 0.20, 9.69
7645, -10.96, 0.79, 1.84, 0.12, 9.77
7684, -10.79, 0.72, 1.73, 0.08, 9.53
7713, -10.91, 0.86, 1.92, 0.24, 9.49
7743, -10.92, 0.81, 1.92, 0.12, 9.85
7773, -10.87, 0.73, 1.80, 0.08, 9.61
7803, -10.94, 0.67, 1.88, 0.08, 9.61
7833, -11.01, 0.68, 1.84, 0.16, 9.22
7863, -10.97, 0.67, 1.84, 0.08, 9.69
7892, -10.96, 0.54, 1.88, 0.00, 9.65
7922, -10.87, 0.59, 1.80, 0.12, 9.73
7953, -10.93, 0.55, 1.77, 0.08, 9.02
7983, -10.98, 0.54, 1.92, 0.08, 9.77
8012, -10.95, 0.56, 1.88, 0.12, 9.69
8042, -11.00, 0.68, 1.92, 0.20, 9.85
8080, -10.97, 0.78, 1.80, 0.20, 9.41
8113, -10.95, 0.77, 1.92, 0.12, 9.85
8146, -10.91, 0.66, 1.73, 0.04, 9.10
8176, -10.78, 0.60, 1.73, 0.04, 9.61
8206, -10.71, 0.56, 1.77, 0.08, 9.65
8237, -10.76, 0.64, 1.84, 0.16, 9.45
8266, -10.68, 0.40, 1.69, -0.12, 9.38
8297, -10.54, 0.40, 1.69, 0.08, 9.65
8327, -10.60, 0.47, 1.84, 0.16, 9.65
8356, -10.52, 0.46, 1.65, 0.08, 9.10
8387, -10.61, 0.61, 1.92, 0.24, 9.81
8444, -10.71, 0.64, 1.88, 0.12, 9.49
8474, -10.91, 0.68, 2.00, 0.16, 9.77
8505, -10.87, 0.69, 1.73, 0.12, 9.10
8544, -10.85, 0.77, 1.88, 0.20, 9.85
8574, -10.74, 0.66, 1.77, 0.04, 9.61
8604, -10.79, 0.76, 1.88, 0.20, 9.57
8635, -10.70, 0.69, 1.69, 0.04, 9.34
8665, -10.78, 0.75, 1.92, 0.16, 9.57
8695, -10.77, 0.74, 1.84, 0.12, 9.73
8725, -10.93, 0.78, 1.84, 0.16, 9.06
8755, -10.89, 0.74, 1.92, 0.12, 9.96
8785, -10.91, 0.68, 1.84, 0.08, 9.45
8816, -11.10, 0.90, 2.04, 0.31, 9.57
8846, -10.99, 0.60, 1.73, -0.12, 9.41
8877, -10.98, 0.76, 1.88, 0.24, 9.69
8906, -11.02, 0.80, 1.92, 0.20, 9.73
8944, -11.13, 0.91, 1.92, 0.24, 9.41
8974, -11.05, 0.77, 1.77, 0.00, 9.38
9005, -10.99, 0.71, 1.80, 0.08, 9.53
9034, -11.07, 0.70, 1.96, 0.12, 9.77
9065, -11.06, 0.66, 1.80, 0.08, 9.34
9095, -11.08, 0.78, 1.92, 0.24, 9.73
9125, -10.96, 0.79, 1.77, 0.16, 9.65
9155, -10.84, 0.90, 1.73, 0.24, 9.57
9186, -10.67, 0.74, 1.61, 0.00, 9.22
9229, -10.85, 0.72, 1.96, 0.08, 9.69
9263, -10.84, 0.71, 1.84, 0.08, 9.65
9293, -10.75, 0.75, 1.73, 0.16, 9.45
9323, -10.75, 0.62, 1.69, 0.00, 8.94
9353, -10.86, 0.67, 1.96, 0.16, 9.73
9393, -10.86, 0.63, 1.84, 0.08, 9.53
9422, -11.00, 0.70, 1.96, 0.16, 9.65
9453, -10.80, 0.47, 1.65, -0.08, 9.34
9483, -10.89, 0.52, 1.92, 0.12, 9.65
9513, -10.79, 0.61, 1.77, 0.20, 9.73
9543, -10.90, 0.65, 1.84, 0.16, 9.14
9574, -10.91, 0.56, 1.88, 0.04, 9.81
9604, -10.91, 0.60, 1.88, 0.16, 9.77
9633, -10.90, 0.72, 1.84, 0.20, 9.57
9664, -10.90, 0.59, 1.80, 0.00, 9.38
9694, -11.04, 0.56, 2.00, 0.08, 9.65
9724, -11.11, 0.51, 1.92, 0.04, 9.49
9754, -11.15, 0.66, 1.92, 0.24, 9.45
9792, -11.06, 0.65, 1.73, 0.12, 9.18
9823, -11.03, 0.58, 1.84, 0.04, 9.61
9852, -11.06, 0.71, 1.92, 0.24, 9.73
9882, -11.02, 0.68, 1.80, 0.08, 9.41
9913, -10.91, 0.68, 1.73, 0.08, 9.53
9943, -10.73, 0.67, 1.69, 0.12, 9.69
9973, -10.67, 0.73, 1.77, 0.16, 9.61
10003, -10.72, 0.73, 1.73, 0.12, 8.87
10033, -10.77, 0.72, 1.92, 0.12, 9.73
10066, -10.67, 0.76, 1.77, 0.16, 9.69
10113, -10.75, 0.62, 1.84, 0.00, 9.57
10146, -10.77, 0.90, 1.84, 0.35, 9.77
10177, -10.79, 1.01, 1.84, 0.24, 9.45
10216, -10.71, 0.74, 1.73, -0.08, 9.49
10247, -10.88, 0.69, 2.00, 0.08, 9.65
10277, -10.94, 0.81, 1.96, 0.24, 9.77
10307, -11.02, 0.88, 1.84, 0.20, 9.18
10338, -10.99, 0.86, 1.84, 0.12, 9.69
10369, -10.99, 0.69, 1.84, 0.00, 9.45
10398, -11.01, 0.69, 1.88, 0.16, 9.61
10429, -10.96, 0.74, 1.88, 0.16, 9.96
10459, -10.93, 0.89, 1.88, 0.27, 9.89
10489, -10.92, 0.93, 1.88, 0.20, 9.61
10520, -10.78, 0.66, 1.69, -0.12, 9.45
10550, -10.83, 0.63, 1.88, 0.08, 9.69
10580, -10.98, 0.72, 1.96, 0.20, 9.49
10618, -11.02, 0.65, 1.84, 0.08, 9.34
10649, -10.97, 0.63, 1.80, 0.08, 9.61
10679, -10.96, 0.71, 1.84, 0.16, 9.61
10710, -11.04, 0.83, 1.92, 0.24, 9.53
10739, -10.80, 0.76, 1.57, 0.08, 9.30
10770, -10.85, 0.78, 1.88, 0.12, 9.69
10801, -10.76, 0.76, 1.77, 0.12, 9.65
10830, -10.78, 0.67, 1.77, 0.04, 9.22
10861, -10.88, 0.60, 1.92, 0.04, 9.61
10891, -10.84, 0.53, 1.80, 0.04, 9.57
10921, -10.78, 0.60, 1.77, 0.16, 9.53
10952, -10.78, 0.38, 1.80, -0.12, 9.49
10982, -10.85, 0.41, 1.92, 0.12, 9.65
11028, -10.88, 0.61, 1.88, 0.24, 9.57
11067, -10.70, 0.65, 1.73, 0.12, 9.73
11098, -10.74, 0.68, 1.80, 0.12, 9.41
11127, -10.79, 0.75, 1.92, 0.20, 9.81
11158, -10.76, 0.70, 1.84, 0.08, 9.69
11188, -10.92, 0.85, 2.00, 0.24, 9.69
11218, -10.96, 0.68, 1.84, 0.00, 9.34
11248, -11.02, 0.80, 1.96, 0.24, 9.81
11279, -11.06, 0.89, 1.92, 0.20, 9.73
11309, -11.10, 0.93, 1.80, 0.20, 9.02
11339, -11.10, 0.87, 1.92, 0.12, 9.81
11370, -11.02, 0.92, 1.80, 0.16, 9.57
11400, -11.02, 0.84, 1.88, 0.12, 9.69
11430, -10.98, 0.54, 1.80, -0.16, 9.49
11468, -10.98, 0.57, 1.88, 0.12, 9.69
11498, -10.99, 0.64, 1.84, 0.16, 9.65
11529, -10.93, 0.63, 1.77, 0.12, 9.34
11558, -10.67, 0.45, 1.61, -0.08, 9.57
11589, -10.80, 0.45, 1.92, 0.08, 9.61
11619, -10.87, 0.54, 1.88, 0.20, 9.49
11650, -10.77, 0.52, 1.69, 0.08, 9.22
11679, -10.69, 0.49, 1.80, 0.08, 9.85
11710, -10.77, 0.64, 1.92, 0.24, 9.69
11741, -10.84, 0.66, 1.84, 0.12, 9.41
11770, -10.63, 0.50, 1.65, -0.04, 9.69
11801, -10.65, 0.49, 1.84, 0.08, 9.69
11831, -10.71, 0.71, 1.84, 0.27, 9.49
11871, -10.79, 0.80, 1.80, 0.20, 9.02
11916, -10.91, 0.75, 1.96, 0.12, 9.77
11950, -10.91, 0.78, 1.84, 0.16, 9.57
11979, -11.03, 0.91, 1.92, 0.24, 9.49
12010, -10.97, 0.50, 1.77, -0.20, 9.45
12047, -11.03, 0.45, 1.88, 0.08, 9.41
12077, -10.84, 0.49, 1.73, 0.12, 9.73
12107, -10.68, 0.42, 1.69, 0.04, 9.49
12138, -10.67, 0.43, 1.73, 0.08, 9.18
12168, -10.90, 0.56, 2.04, 0.20, 9.73
12198, -10.97, 0.59, 1.88, 0.12, 9.57
12229, -11.12, 0.68, 2.00, 0.20, 9.45
12259, -11.07, 0.60, 1.84, 0.04, 9.73
12298, -10.98, 0.76, 1.80, 0.24, 9.65
12327, -11.03, 0.82, 1.88, 0.16, 9.53
12358, -10.89, 0.68, 1.65, 0.00, 9.22
12388, -10.73, 0.65, 1.73, 0.08, 9.61
12419, -10.68, 0.66, 1.80, 0.12, 9.69
12449, -10.76, 0.67, 1.84, 0.12, 9.41
12479, -10.90, 0.67, 1.96, 0.12, 9.61
12510, -10.88, 0.67, 1.84, 0.12, 9.73
12540, -10.73, 0.81, 1.69, 0.20, 9.49
12570, -10.72, 0.70, 1.77, 0.04, 9.38
12601, -10.81, 0.73, 1.96, 0.16, 9.81
12631, -11.03, 0.83, 2.08, 0.20, 9.81
12661, -11.00, 0.78, 1.77, 0.08, 9.14
12701, -11.05, 0.74, 1.92, 0.12, 9.69
12731, -11.19, 0.80, 2.00, 0.16, 9.61
12762, -11.18, 0.83, 1.88, 0.20, 9.65
12812, -11.18, 0.79, 1.92, 0.12, 9.89
12841, -11.17, 0.69, 1.88, 0.04, 9.65
12872, -11.04, 0.75, 1.80, 0.20, 9.65
12902, -10.91, 0.43, 1.73, -0.16, 9.45
12933, -10.90, 0.48, 1.88, 0.12, 9.73
12962, -10.85, 0.53, 1.80, 0.12, 9.73
12993, -10.84, 0.49, 1.77, 0.08, 9.30
13024, -10.70, 0.46, 1.77, 0.08, 9.89
13053, -10.68, 0.52, 1.80, 0.12, 9.77
13084, -10.73, 0.59, 1.84, 0.16, 9.41
13122, -10.60, 0.47, 1.61, 0.00, 8.98
13152, -10.70, 0.38, 1.92, 0.00, 9.85
13182, -10.79, 0.41, 1.96, 0.12, 9.81
13212, -10.84, 0.51, 1.84, 0.16, 9.30
13243, -10.65, 0.16, 1.61, -0.24, 9.34
13273, -10.68, 0.20, 1.84, 0.08, 9.69
13303, -10.91, 0.37, 2.04, 0.20, 9.57
13334, -11.06, 0.37, 1.88, 0.04, 9.10
13364, -11.01, 0.41, 1.84, 0.12, 9.73
13394, -10.91, 0.46, 1.80, 0.12, 9.73
13424, -10.99, 0.53, 1.88, 0.12, 9.41
13455, -10.89, 0.55, 1.77, 0.12, 9.69
13485, -10.84, 0.53, 1.80, 0.08, 9.53
13526, -10.82, 0.74, 1.80, 0.27, 9.49
13557, -10.91, 0.85, 1.96, 0.20, 9.89
13596, -10.93, 0.81, 1.84, 0.12, 9.65
13628, -10.94, 0.85, 1.77, 0.16, 9.10
13659, -10.89, 0.75, 1.88, 0.04, 9.92
13689, -10.93, 0.71, 1.88, 0.08, 9.61
13719, -10.94, 0.76, 1.84, 0.16, 9.38
13750, -10.93, 0.61, 1.88, 0.00, 9.77
13780, -10.97, 0.73, 1.88, 0.20, 9.57
13810, -10.98, 0.84, 1.80, 0.24, 9.41
13841, -10.90, 0.67, 1.80, 0.00, 9.61
13871, -11.05, 0.78, 2.04, 0.20, 9.73
13901, -11.07, 0.88, 1.88, 0.20, 9.65
13939, -10.96, 0.83, 1.73, 0.12, 9.38
13972, -10.85, 0.81, 1.84, 0.12, 9.96
14006, -10.88, 0.67, 1.80, 0.00, 9.18
14035, -11.04, 0.63, 2.00, 0.08, 9.61
14065, -10.97, 0.74, 1.80, 0.20, 9.57
14095, -10.91, 0.69, 1.80, 0.08, 9.61
14125, -10.74, 0.71, 1.65, 0.12, 9.34
14154, -10.66, 0.61, 1.77, 0.04, 9.65
14184, -10.67, 0.59, 1.84, 0.08, 9.69
14214, -10.77, 0.69, 1.92, 0.20, 9.57
14243, -10.75, 0.67, 1.73, 0.08, 9.30
14273, -10.66, 0.58, 1.73, 0.04, 9.49
14303, -10.79, 0.57, 1.96, 0.08, 9.77
14342, -10.75, 0.61, 1.80, 0.12, 9.61
14371, -10.75, 0.60, 1.84, 0.12, 9.61
14402, -10.75, 0.34, 1.77, -0.12, 9.26
14432, -10.71, 0.43, 1.80, 0.16, 9.73
14461, -10.64, 0.46, 1.77, 0.12, 9.61
14492, -10.81, 0.59, 1.96, 0.20, 9.57
14522, -10.69, 0.31, 1.73, -0.16, 9.61
14574, -10.87, 0.57, 1.96, 0.27, 9.45
14604, -11.00, 0.51, 1.88, 0.04, 9.30
14635, -10.95, 0.47, 1.84, 0.08, 9.73
14664, -10.83, 0.34, 1.77, -0.04, 9.81
14694, -10.97, 0.52, 1.96, 0.24, 9.57
14725, -10.89, 0.36, 1.77, -0.04, 9.38
14761, -10.98, 0.37, 1.92, 0.08, 9.61
14792, -10.98, 0.46, 1.88, 0.16, 9.65
14822, -10.99, 0.51, 1.88, 0.12, 9.61
14852, -10.95, 0.45, 1.69, 0.04, 9.06
14882, -10.89, 0.50, 1.84, 0.12, 9.73
14912, -10.92, 0.44, 1.84, 0.00, 9.45
14942, -10.98, 0.61, 1.88, 0.24, 9.49
14971, -10.95, 0.48, 1.69, -0.04, 8.98
15001, -11.03, 0.50, 1.96, 0.12, 9.73
15032, -11.11, 0.55, 1.92, 0.12, 9.65
15062, -11.29, 0.68, 2.04, 0.20, 9.49
15091, -11.08, 0.60, 1.65, 0.04, 9.30
15121, -11.10, 0.61, 1.88, 0.12, 9.53
15152, -11.12, 0.72, 1.92, 0.20, 9.65
15191, -11.10, 0.65, 1.88, 0.08, 9.73
15220, -11.06, 0.73, 1.77, 0.16, 9.22
15250, -11.17, 0.75, 2.04, 0.16, 9.85
15280, -11.22, 0.71, 1.96, 0.08, 9.69
15310, -11.31, 0.73, 1.96, 0.12, 9.45
15340, -11.32, 0.69, 1.84, 0.08, 9.26
15389, -11.24, 0.62, 1.88, 0.08, 9.69
15419, -11.22, 0.55, 1.88, 0.04, 9.53
15449, -11.23, 0.61, 1.92, 0.16, 9.69
15479, -11.04, 0.46, 1.73, -0.04, 9.53
15509, -11.11, 0.51, 1.96, 0.12, 9.77
15540, -11.11, 0.57, 1.92, 0.16, 9.73
15569, -11.05, 0.68, 1.80, 0.20, 9.45
15607, -10.96, 0.61, 1.69, 0.00, 9.14
15637, -10.94, 0.59, 1.88, 0.08, 9.77
15667, -11.08, 0.55, 1.92, 0.04, 9.45
15696, -11.11, 0.69, 1.92, 0.24, 9.57
15727, -10.98, 0.45, 1.69, -0.12, 9.34
15757, -10.96, 0.39, 1.88, 0.04, 9.69
15787, -11.01, 0.53, 1.92, 0.20, 9.77
15817, -11.03, 0.64, 1.88, 0.20, 9.53
15847, -10.95, 0.49, 1.73, -0.04, 9.30
15877, -11.05, 0.47, 1.96, 0.08, 9.69
15909, -11.11, 0.58, 1.96, 0.20, 9.73
15943, -11.14, 0.60, 1.92, 0.12, 9.65
15974, -11.09, 0.61, 1.80, 0.12, 9.41
16013, -10.92, 0.44, 1.69, -0.04, 9.26
16043, -10.91, 0.34, 1.88, 0.00, 9.81
16072, -10.88, 0.35, 1.84, 0.08, 9.69
16103, -10.95, 0.44, 1.92, 0.16, 9.65
16133, -10.76, 0.29, 1.65, -0.08, 9.45
16162, -10.79, 0.23, 1.88, 0.00, 9.61
16211, -10.78, 0.21, 1.84, 0.04, 9.73
16244, -10.78, 0.43, 1.88, 0.20, 9.89
16275, -10.78, 0.50, 1.84, 0.16, 9.73
16305, -10.86, 0.63, 1.92, 0.20, 9.73
16334, -10.84, 0.46, 1.80, -0.04, 9.38
16365, -10.78, 0.46, 1.80, 0.08, 9.69
16395, -10.84, 0.67, 1.92, 0.27, 9.69
16433, -10.74, 0.72, 1.77, 0.16, 9.61
16463, -10.82, 0.68, 1.80, 0.08, 9.14
16493, -10.81, 0.65, 1.88, 0.08, 9.77
16523, -10.89, 0.75, 1.96, 0.20, 9.81
16553, -10.90, 0.72, 1.80, 0.08, 9.45
16583, -10.79, 0.52, 1.69, -0.08, 9.22
16613, -10.77, 0.60, 1.80, 0.16, 9.61
16644, -10.69, 0.58, 1.80, 0.08, 9.81
16673, -10.75, 0.78, 1.84, 0.27, 9.34
16703, -10.67, 0.42, 1.69, -0.20, 9.34
16734, -10.70, 0.51, 1.88, 0.16, 9.73
16763, -10.75, 0.67, 1.84, 0.20, 9.53
16793, -10.69, 0.67, 1.73, 0.12, 9.30
16832, -10.73, 0.51, 1.84, -0.04, 9.65
16863, -10.84, 0.45, 1.96, 0.04, 9.77
16892, -10.75, 0.44, 1.77, 0.08, 9.69
16922, -10.82, 0.61, 1.84, 0.24, 9.38
16953, -10.76, 0.56, 1.80, 0.08, 9.81
16983, -10.79, 0.57, 1.84, 0.12, 9.45
17012, -10.72, 0.57, 1.80, 0.12, 9.81
17043, -10.76, 0.63, 1.77, 0.12, 9.14
17088, -10.77, 0.63, 1.77, 0.08, 9.14
17119, -10.82, 0.64, 1.92, 0.12, 9.77
17148, -10.89, 0.69, 1.96, 0.16, 9.81
17178, -10.91, 0.82, 1.88, 0.24, 9.65
17209, -10.87, 0.84, 1.77, 0.16, 9.34
17247, -10.83, 0.86, 1.84, 0.16, 9.89
17277, -10.85, 0.88, 1.84, 0.16, 9.61
17307, -10.93, 1.03, 1.92, 0.27, 9.53
17338, -10.85, 0.90, 1.73, 0.04, 9.34
17368, -10.95, 0.94, 1.92, 0.16, 9.57
17398, -10.88, 0.86, 1.80, 0.08, 9.65
17428, -10.90, 0.77, 1.80, 0.04, 9.34
17459, -10.90, 0.80, 1.84, 0.12, 9.65
17488, -10.87, 0.73, 1.80, 0.08, 9.57
17519, -10.89, 0.82, 1.88, 0.20, 9.61
17549, -10.87, 0.74, 1.77, 0.04, 9.30
17580, -10.89, 0.74, 1.88, 0.12, 9.73
17609, -10.91, 0.73, 1.88, 0.12, 9.69
17649, -10.94, 0.88, 1.88, 0.27, 9.57
17679, -10.77, 0.71, 1.69, 0.00, 9.57
17709, -10.61, 0.73, 1.73, 0.12, 9.96
17739, -10.61, 0.76, 1.84, 0.16, 9.65
17769, -10.72, 0.85, 1.80, 0.20, 8.98
17800, -10.67, 0.87, 1.80, 0.16, 9.69
17829, -10.78, 0.80, 1.92, 0.08, 9.69
17866, -10.71, 0.64, 1.80, 0.00, 9.69
17896, -10.75, 0.54, 1.84, 0.04, 9.53
17927, -10.79, 0.36, 1.77, -0.08, 9.18
17968, -10.93, 0.43, 2.04, 0.16, 9.89
18001, -10.86, 0.34, 1.80, 0.00, 9.77
18032, -10.94, 0.44, 1.92, 0.16, 9.57
18070, -10.93, 0.51, 1.84, 0.12, 9.69
18101, -10.96, 0.58, 1.84, 0.16, 9.38
18130, -10.92, 0.51, 1.84, 0.04, 9.73
18161, -10.82, 0.48, 1.77, 0.04, 9.69
18191, -10.89, 0.59, 1.88, 0.20, 9.53
18222, -10.71, 0.45, 1.57, 0.00, 9.10
18251, -10.89, 0.52, 2.00, 0.16, 9.69
18282, -10.92, 0.53, 1.88, 0.12, 9.69
18313, -10.95, 0.45, 1.80, 0.04, 9.30
18342, -10.94, 0.54, 1.84, 0.16, 9.69
18373, -10.89, 0.47, 1.77, 0.04, 9.53
18403, -10.93, 0.55, 1.84, 0.16, 9.41
18434, -10.83, 0.34, 1.73, -0.12, 9.41
18473, -10.93, 0.31, 1.92, 0.04, 9.81
18503, -10.91, 0.31, 1.84, 0.08, 9.61
18534, -11.02, 0.38, 1.80, 0.12, 8.94
18564, -11.08, 0.46, 1.96, 0.16, 9.81
18594, -11.07, 0.45, 1.84, 0.08, 9.53
18624, -11.14, 0.58, 1.92, 0.20, 9.57
18655, -10.98, 0.48, 1.69, 0.00, 9.34
18684, -11.00, 0.57, 1.88, 0.16, 9.65
18715, -10.88, 0.59, 1.77, 0.08, 9.77
18745, -10.88, 0.65, 1.84, 0.16, 9.49
18776, -10.81, 0.75, 1.84, 0.20, 9.96
18805, -10.82, 0.69, 1.84, 0.04, 9.65
18836, -10.97, 0.82, 2.00, 0.24, 9.69
18890, -10.91, 0.82, 1.73, 0.12, 9.18
18921, -10.82, 0.66, 1.69, 0.00, 9.18
18951, -10.82, 0.62, 1.88, 0.08, 9.81
18981, -11.02, 0.67, 2.08, 0.16, 9.73
19011, -10.95, 0.73, 1.77, 0.16, 9.45
19042, -10.76, 0.60, 1.69, 0.00, 9.57
19072, -10.76, 0.66, 1.84, 0.16, 9.65
19102, -10.77, 0.83, 1.84, 0.27, 9.73
19132, -10.66, 0.67, 1.65, 0.00, 9.10
19163, -10.65, 0.63, 1.84, 0.08, 9.81
19192, -10.80, 0.71, 1.96, 0.16, 9.73
19223, -10.82, 0.70, 1.84, 0.12, 9.57
19253, -10.74, 0.48, 1.73, -0.08, 9.38
19283, -10.83, 0.44, 1.88, 0.04, 9.53
19322, -10.84, 0.43, 1.84, 0.08, 9.53
19353, -10.90, 0.51, 1.84, 0.16, 9.30
19383, -10.96, 0.54, 1.96, 0.12, 9.89
19414, -10.86, 0.47, 1.77, 0.04, 9.61
19443, -10.99, 0.60, 1.96, 0.20, 9.65
19474, -10.88, 0.52, 1.73, 0.04, 9.38
19504, -10.93, 0.48, 1.92, 0.08, 9.73
19534, -10.93, 0.50, 1.84, 0.12, 9.57
19564, -11.05, 0.67, 1.96, 0.24, 9.41
19595, -11.03, 0.68, 1.92, 0.12, 9.96
19624, -11.09, 0.68, 1.92, 0.12, 9.57
19654, -11.20, 0.72, 2.00, 0.16, 9.65
19685, -11.15, 0.60, 1.77, 0.00, 9.18
19723, -11.06, 0.44, 1.80, -0.08, 9.65
19773, -10.99, 0.46, 1.80, 0.08, 9.61
19806, -10.94, 0.19, 1.77, -0.12, 9.41
19841, -10.98, 0.40, 1.84, 0.20, 9.45
19870, -10.80, 0.22, 1.69, -0.08, 9.41
19901, -10.78, 0.26, 1.84, 0.08, 9.77
19931, -10.87, 0.55, 1.92, 0.31, 9.69
19961, -10.70, 0.47, 1.61, 0.00, 9.22
19992, -10.73, 0.50, 1.88, 0.12, 9.73
20023, -10.78, 0.60, 1.92, 0.20, 9.81
20052, -10.78, 0.65, 1.77, 0.12, 9.34
20083, -10.76, 0.60, 1.84, 0.08, 9.69
20113, -10.94, 0.66, 2.00, 0.16, 9.65
20155, -11.13, 0.70, 1.92, 0.16, 9.14
20187, -11.06, 0.70, 1.84, 0.12, 9.69
20218, -11.12, 0.75, 1.92, 0.16, 9.57
20255, -10.99, 0.58, 1.77, -0.04, 9.61
20286, -11.19, 0.56, 2.08, 0.08, 9.73
20317, -11.16, 0.78, 1.88, 0.27, 9.61
20347, -11.10, 0.82, 1.77, 0.16, 9.10
20379, -10.98, 0.64, 1.80, -0.04, 9.69
20410, -11.11, 0.59, 2.00, 0.08, 9.69
20441, -11.11, 0.48, 1.80, 0.00, 9.14
20471, -11.21, 0.59, 1.96, 0.20, 9.57
20502, -11.16, 0.73, 1.88, 0.24, 9.73
20534, -11.02, 0.54, 1.77, -0.08, 9.65
20572, -11.00, 0.67, 1.88, 0.20, 9.73
20601, -11.10, 0.88, 1.96, 0.27, 9.73
20631, -11.01, 0.86, 1.80, 0.12, 9.57
20662, -10.85, 0.80, 1.61, 0.08, 9.14
20691, -10.81, 0.86, 1.84, 0.20, 9.73
20721, -10.79, 0.94, 1.84, 0.20, 9.73
20751, -10.75, 0.95, 1.77, 0.16, 9.49
20781, -10.75, 0.70, 1.73, -0.08, 9.18
20810, -10.85, 0.61, 1.96, 0.04, 9.73
20841, -10.78, 0.50, 1.73, 0.00, 9.45
20871, -10.89, 0.71, 1.96, 0.27, 9.65
20900, -10.87, 0.58, 1.77, 0.00, 9.18
20930, -10.99, 0.61, 1.96, 0.12, 9.65
20969, -11.03, 0.67, 1.96, 0.16, 9.73
20999, -11.06, 0.62, 1.88, 0.08, 9.57
21028, -11.10, 0.73, 1.88, 0.20, 9.41
21059, -10.92, 0.76, 1.77, 0.16, 9.89
21089, -10.88, 0.69, 1.80, 0.08, 9.69
21120, -10.97, 0.76, 1.96, 0.20, 9.69
21149, -10.88, 0.72, 1.73, 0.08, 9.30
21179, -10.85, 0.67, 1.88, 0.08, 9.92
21210, -10.77, 0.64, 1.80, 0.08, 9.73
21239, -10.86, 0.62, 1.88, 0.12, 9.57
21269, -10.79, 0.45, 1.77, -0.04, 9.41
21300, -10.75, 0.49, 1.84, 0.12, 9.81
21329, -10.71, 0.57, 1.84, 0.16, 9.77
21367, -10.82, 0.59, 1.88, 0.12, 9.45
21398, -10.65, 0.54, 1.61, 0.04, 9.26
21428, -10.73, 0.53, 1.88, 0.08, 9.61
21457, -10.81, 0.59, 1.92, 0.16, 9.65
21488, -10.85, 0.69, 1.80, 0.16, 9.38
21543, -10.83, 0.74, 1.77, 0.08, 9.26
21573, -10.65, 0.54, 1.65, -0.04, 9.45
21604, -10.62, 0.51, 1.80, 0.08, 9.73
21634, -10.64, 0.56, 1.80, 0.12, 9.61
21664, -10.61, 0.49, 1.73, 0.04, 9.30
21694, -10.76, 0.52, 2.00, 0.12, 9.81
21725, -10.73, 0.35, 1.77, -0.08, 9.57
21757, -10.85, 0.29, 1.92, 0.00, 9.45
21800, -10.81, 0.52, 1.88, 0.27, 9.81
21831, -10.89, 0.54, 1.84, 0.12, 9.30
21861, -10.98, 0.47, 1.96, 0.04, 9.81
21892, -10.95, 0.50, 1.84, 0.12, 9.61
21921, -11.08, 0.65, 1.96, 0.24, 9.53
21952, -10.95, 0.58, 1.73, 0.04, 9.45
21982, -10.96, 0.59, 1.88, 0.12, 9.73
22012, -11.06, 0.69, 2.00, 0.20, 9.77
22043, -11.12, 0.70, 1.84, 0.12, 9.14
22073, -11.22, 0.80, 2.00, 0.20, 9.61
22104, -11.09, 0.57, 1.77, -0.08, 9.61
22133, -11.06, 0.54, 1.80, 0.08, 9.38
22164, -11.10, 0.51, 1.96, 0.08, 9.77
22202, -11.19, 0.45, 1.96, 0.04, 9.65
22232, -11.33, 0.45, 2.04, 0.08, 9.65
22262, -11.26, 0.60, 1.80, 0.20, 9.41
22292, -10.84, 0.52, 1.53, 0.04, 9.69
22323, -10.75, 0.50, 1.80, 0.08, 9.81
22376, -10.56, 0.34, 1.69, -0.04, 9.73
22406, -10.56, 0.49, 1.80, 0.20, 9.57
22436, -10.82, 0.56, 2.04, 0.16, 9.77
22466, -10.89, 0.47, 1.80, 0.00, 9.10
22496, -11.18, 0.57, 2.16, 0.16, 9.85
22526, -11.02, 0.57, 1.77, 0.08, 9.65
22556, -11.10, 0.74, 1.92, 0.24, 9.57
22586, -10.97, 0.61, 1.69, 0.00, 9.18
22625, -10.86, 0.77, 1.80, 0.24, 9.96
22656, -10.87, 0.80, 1.88, 0.16, 9.65
22685, -10.96, 0.94, 1.96, 0.24, 9.77
22716, -10.92, 0.95, 1.77, 0.16, 9.22
22746, -10.90, 0.92, 1.92, 0.16, 10.00
22775, -10.87, 0.81, 1.84, 0.04, 9.81
22805, -10.92, 0.91, 1.88, 0.24, 9.61
22836, -10.87, 0.73, 1.77, -0.04, 9.38
22865, -10.96, 0.66, 2.00, 0.08, 9.85
22895, -10.94, 0.59, 1.84, 0.04, 9.65
22926, -11.01, 0.76, 1.92, 0.27, 9.57
22956, -10.92, 0.41, 1.73, -0.20, 9.38
22985, -10.96, 0.39, 1.84, 0.08, 9.53
23023, -10.95, 0.48, 1.84, 0.12, 9.61
23053, -11.01, 0.52, 1.88, 0.12, 9.45
23084, -11.04, 0.50, 1.77, 0.08, 8.94
23113, -11.02, 0.49, 1.92, 0.08, 9.89
23143, -10.90, 0.39, 1.73, 0.00, 9.61
23191, -10.98, 0.65, 1.88, 0.24, 9.49
23221, -10.87, 0.70, 1.73, 0.16, 9.38
23251, -10.88, 0.58, 1.92, 0.00, 9.96
23281, -10.80, 0.63, 1.80, 0.16, 9.77
23311, -10.91, 0.64, 1.88, 0.12, 9.38
23342, -10.93, 0.47, 1.73, -0.04, 8.98
23371, -10.88, 0.48, 1.84, 0.12, 9.77
23402, -10.98, 0.56, 1.92, 0.16, 9.57
23441, -11.05, 0.74, 1.96, 0.27, 9.73
23472, -11.06, 0.57, 1.84, -0.04, 9.30
23501, -11.10, 0.57, 1.96, 0.12, 9.77
23531, -11.15, 0.59, 1.96, 0.12, 9.77
23562, -11.13, 0.75, 1.88, 0.24, 9.69
23591, -10.88, 0.48, 1.65, -0.12, 9.57
23621, -10.91, 0.39, 1.88, 0.00, 9.73
23652, -10.83, 0.42, 1.77, 0.12, 9.53
23682, -10.98, 0.58, 2.00, 0.24, 9.61
23718, -11.02, 0.57, 1.96, 0.08, 9.85
23748, -10.76, 0.36, 1.61, -0.08, 9.57
23779, -10.93, 0.32, 2.00, 0.00, 9.77
23809, -10.93, 0.41, 1.88, 0.16, 9.73
23846, -10.99, 0.61, 1.88, 0.27, 9.53
23877, -10.92, 0.48, 1.73, -0.04, 9.26
23907, -10.96, 0.51, 1.88, 0.12, 9.57
23938, -10.99, 0.50, 1.88, 0.08, 9.57
23967, -10.99, 0.51, 1.80, 0.08, 9.38
23998, -10.81, 0.39, 1.73, -0.04, 9.73
24040, -10.94, 0.46, 2.00, 0.16, 9.89
24074, -10.82, 0.53, 1.77, 0.16, 9.73
24103, -10.86, 0.74, 1.88, 0.27, 9.65
24134, -10.71, 0.74, 1.69, 0.12, 9.49
24164, -10.63, 0.75, 1.77, 0.12, 9.69
24195, -10.56, 0.72, 1.73, 0.08, 9.65
24224, -10.67, 0.84, 1.88, 0.24, 9.49
24255, -10.48, 0.71, 1.57, 0.00, 9.26
24294, -10.43, 0.59, 1.80, 0.04, 9.96
24324, -10.46, 0.62, 1.84, 0.12, 9.73
24354, -10.66, 0.71, 1.96, 0.16, 9.61
24384, -10.50, 0.66, 1.69, 0.08, 9.65
24415, -10.54, 0.79, 1.88, 0.24, 9.85
24444, -10.79, 0.89, 2.04, 0.24, 9.61
24475, -10.82, 0.87, 1.77, 0.12, 9.06
24505, -10.93, 0.93, 1.96, 0.20, 9.77
24536, -10.96, 0.97, 1.92, 0.20, 9.73
24565, -11.01, 0.93, 1.88, 0.12, 9.53
24596, -11.07, 0.76, 1.84, 0.00, 9.26
24626, -11.00, 0.69, 1.84, 0.08, 9.77
24655, -10.96, 0.63, 1.84, 0.04, 9.65
24693, -11.13, 0.69, 2.00, 0.16, 9.61
24724, -11.05, 0.65, 1.77, 0.08, 9.34
24754, -10.95, 0.59, 1.80, 0.04, 9.81
24783, -10.91, 0.60, 1.80, 0.12, 9.53
24814, -10.95, 0.75, 1.88, 0.24, 9.61
24844, -10.97, 0.72, 1.77, 0.08, 9.10
24875, -11.07, 0.63, 1.96, 0.04, 9.73
24904, -11.05, 0.65, 1.88, 0.12, 9.81
24948, -11.08, 0.67, 1.92, 0.12, 9.65
24979, -11.03, 0.62, 1.84, 0.08, 9.65
25009, -11.03, 0.67, 1.84, 0.12, 9.49
25038, -10.85, 0.56, 1.69, 0.04, 9.49
25069, -10.97, 0.57, 1.96, 0.08, 9.65
25108, -11.05, 0.72, 1.96, 0.24, 9.73
25138, -11.16, 0.76, 1.92, 0.16, 9.34
25168, -10.96, 0.70, 1.77, 0.08, 9.85
25198, -10.81, 0.67, 1.77, 0.08, 9.81
25229, -10.91, 0.72, 1.92, 0.16, 9.65
25259, -10.86, 0.71, 1.77, 0.12, 9.30
25289, -10.88, 0.62, 1.88, 0.04, 9.85
25319, -10.96, 0.54, 1.92, 0.04, 9.61
25349, -10.90, 0.65, 1.80, 0.20, 9.49
25379, -10.73, 0.43, 1.69, -0.12, 9.57
25409, -10.69, 0.64, 1.84, 0.27, 9.85
25440, -10.63, 0.66, 1.77, 0.12, 9.65
25469, -10.76, 0.67, 1.92, 0.12, 9.49
25507, -10.79, 0.53, 1.77, 0.00, 9.14
25537, -10.79, 0.60, 1.88, 0.16, 9.85
25568, -10.60, 0.48, 1.69, 0.00, 9.77
25597, -10.59, 0.48, 1.77, 0.08, 9.45
25630, -10.68, 0.58, 1.92, 0.20, 9.89
25664, -10.69, 0.44, 1.73, -0.04, 9.06
25695, -10.69, 0.33, 1.80, -0.04, 9.61
25724, -10.86, 0.43, 2.00, 0.16, 9.69
25755, -10.87, 0.56, 1.80, 0.20, 9.34
25785, -10.69, 0.36, 1.65, -0.08, 9.41
25815, -10.79, 0.37, 1.96, 0.08, 9.73
25863, -10.87, 0.52, 1.88, 0.20, 9.53
25892, -10.90, 0.62, 1.84, 0.16, 9.45
25932, -10.85, 0.43, 1.77, -0.04, 9.34
25963, -10.88, 0.39, 1.88, 0.04, 9.65
25993, -10.95, 0.52, 1.88, 0.16, 9.57
26023, -11.11, 0.63, 1.96, 0.20, 9.38
26053, -11.12, 0.78, 1.92, 0.24, 9.77
26084, -10.99, 0.66, 1.73, 0.00, 9.57
26114, -10.98, 0.61, 1.88, 0.08, 9.65
26144, -10.79, 0.44, 1.65, -0.04, 9.41
26174, -10.80, 0.57, 1.84, 0.20, 9.77
26205, -10.83, 0.53, 1.92, 0.08, 9.81
26235, -10.94, 0.57, 1.84, 0.12, 9.10
26265, -11.11, 0.65, 2.04, 0.16, 9.85
26296, -11.06, 0.57, 1.88, 0.04, 9.69
26334, -11.05, 0.57, 1.88, 0.12, 9.57
26364, -10.96, 0.47, 1.69, 0.00, 9.14
26394, -10.99, 0.57, 1.88, 0.20, 9.65
26424, -10.92, 0.58, 1.80, 0.12, 9.65
26455, -11.04, 0.63, 1.92, 0.16, 9.45
26484, -10.84, 0.51, 1.61, 0.00, 9.14
26515, -10.99, 0.61, 2.00, 0.20, 9.69
26545, -10.98, 0.65, 1.88, 0.12, 9.73
26575, -10.98, 0.54, 1.84, 0.00, 9.53
26605, -10.95, 0.53, 1.84, 0.08, 9.65
26636, -10.88, 0.54, 1.77, 0.08, 9.61
26665, -10.84, 0.64, 1.80, 0.20, 9.61
26696, -10.72, 0.51, 1.65, 0.00, 9.18
26756, -10.78, 0.57, 1.92, 0.16, 9.77
26788, -10.83, 0.73, 1.88, 0.24, 9.53
26820, -10.91, 0.74, 1.92, 0.12, 9.65
26853, -10.97, 0.73, 1.80, 0.12, 9.02
26885, -11.00, 0.74, 1.92, 0.12, 9.73
26917, -10.96, 0.84, 1.73, 0.20, 9.14
26949, -10.99, 0.85, 1.92, 0.16, 9.73
26982, -11.08, 0.88, 1.84, 0.12, 9.18
27015, -11.12, 0.78, 1.88, 0.04, 9.49
27046, -11.03, 0.70, 1.77, 0.04, 9.38
27079, -11.03, 0.58, 1.88, 0.00, 9.57
27111, -10.97, 0.50, 1.77, 0.00, 9.38
27143, -10.93, 0.52, 1.84, 0.12, 9.65
27183, -11.03, 0.62, 1.88, 0.16, 9.45
27213, -10.90, 0.50, 1.73, 0.00, 9.45
27242, -10.91, 0.57, 1.84, 0.12, 9.61
27273, -10.84, 0.76, 1.84, 0.27, 9.81
27302, -10.97, 0.85, 1.88, 0.20, 9.38
27332, -10.81, 0.70, 1.65, 0.00, 9.34
27362, -11.00, 0.66, 2.04, 0.08, 9.73
27392, -11.08, 0.70, 1.96, 0.16, 9.61
27421, -11.17, 0.79, 1.96, 0.20, 9.61
27451, -10.99, 0.65, 1.65, 0.00, 9.14
27481, -10.95, 0.69, 1.84, 0.16, 9.81
27511, -10.86, 0.48, 1.77, -0.08, 9.61
27541, -11.00, 0.62, 1.96, 0.24, 9.65
27624, -10.94, 0.63, 1.92, 0.16, 9.89
27657, -10.72, 0.41, 1.69, -0.08, 9.57
27688, -10.74, 0.41, 1.84, 0.08, 9.73
27721, -10.67, 0.23, 1.80, -0.08, 9.77
27754, -10.93, 0.41, 2.08, 0.20, 9.77
27787, -11.08, 0.40, 2.04, 0.08, 9.92
27820, -11.13, 0.66, 1.92, 0.31, 9.57
27852, -11.07, 0.70, 1.84, 0.16, 9.77
27884, -11.23, 0.77, 2.00, 0.20, 9.49
27917, -11.14, 0.79, 1.84, 0.16, 9.69
27950, -11.16, 0.86, 1.84, 0.16, 9.30
27982, -11.05, 0.93, 1.84, 0.20, 9.77
28015, -10.89, 0.71, 1.69, -0.04, 9.41
28055, -10.82, 0.58, 1.80, 0.00, 9.61
28088, -10.75, 0.52, 1.69, 0.04, 9.14
28121, -10.83, 0.44, 1.88, 0.00, 9.53
28152, -10.98, 0.49, 1.84, 0.08, 8.98
28185, -11.12, 0.48, 2.04, 0.08, 9.77
28218, -11.12, 0.32, 1.80, -0.08, 9.18
28250, -11.05, 0.43, 1.88, 0.20, 9.85
28282, -10.85, 0.23, 1.65, -0.08, 9.34
28315, -11.03, 0.32, 2.04, 0.12, 9.81
28347, -10.90, 0.39, 1.77, 0.12, 9.69
28380, -10.87, 0.50, 1.80, 0.16, 9.57
28412, -10.95, 0.65, 1.92, 0.24, 9.65
28444, -11.01, 0.78, 1.92, 0.24, 9.69
28477, -11.11, 0.88, 1.96, 0.20, 9.77
28508, -10.96, 0.76, 1.77, 0.04, 9.69
28560, -10.97, 0.80, 1.88, 0.16, 9.69
28596, -10.81, 0.61, 1.69, -0.04, 9.38
28627, -10.82, 0.73, 1.88, 0.20, 9.81
28660, -10.85, 0.50, 1.88, -0.08, 9.65
28693, -10.85, 0.62, 1.84, 0.20, 9.61
28726, -10.74, 0.62, 1.77, 0.12, 9.85
28758, -10.80, 0.72, 1.88, 0.20, 9.57
28790, -10.84, 0.81, 1.88, 0.20, 9.77
28823, -10.94, 0.87, 1.92, 0.20, 9.57
28856, -10.86, 0.87, 1.80, 0.12, 9.69
28888, -10.86, 0.94, 1.84, 0.16, 9.57
28920, -10.92, 0.86, 1.92, 0.08, 9.69
28962, -11.00, 0.90, 1.92, 0.16, 9.49
28995, -10.98, 0.78, 1.88, 0.04, 9.73
29027, -11.01, 0.81, 1.84, 0.16, 9.38
29060, -11.03, 0.79, 1.92, 0.12, 9.73
29092, -10.98, 0.72, 1.77, 0.08, 9.18
29125, -10.97, 0.71, 1.80, 0.12, 9.53
29157, -10.92, 0.66, 1.80, 0.08, 9.41
29190, -10.90, 0.62, 1.80, 0.08, 9.45
29222, -10.79, 0.35, 1.73, -0.12, 9.41
29255, -10.85, 0.28, 1.88, 0.04, 9.57
29287, -10.74, 0.29, 1.77, 0.04, 9.77
29320, -10.75, 0.40, 1.88, 0.16, 9.69
29352, -10.88, 0.42, 2.04, 0.08, 9.89
29392, -10.95, 0.65, 1.92, 0.27, 9.77
29442, -10.84, 0.59, 1.77, 0.08, 9.65
29476, -10.67, 0.59, 1.73, 0.12, 9.77
29509, -10.69, 0.67, 1.84, 0.16, 9.81
29542, -10.80, 0.62, 1.88, 0.08, 9.41
29575, -10.75, 0.58, 1.80, 0.04, 9.69
29606, -10.74, 0.56, 1.80, 0.08, 9.49
29639, -10.68, 0.65, 1.80, 0.20, 9.81
29672, -10.72, 0.68, 1.80, 0.12, 9.38
29707, -10.85, 0.76, 1.92, 0.20, 9.61
29744, -10.82, 0.85, 1.84, 0.20, 9.81
29775, -10.67, 0.57, 1.73, -0.12, 9.77
29808, -10.78, 0.63, 1.92, 0.16, 9.69
29850, -10.70, 0.74, 1.84, 0.20, 9.92
29883, -10.83, 0.72, 1.96, 0.12, 9.73
29915, -10.92, 0.71, 1.96, 0.12, 9.89
29947, -11.01, 0.78, 1.96, 0.20, 9.73
29980, -10.93, 0.71, 1.80, 0.08, 9.73
30013, -11.11, 0.75, 2.04, 0.16, 9.69
30045, -11.09, 0.60, 1.88, 0.00, 9.73
30077, -11.14, 0.78, 1.88, 0.24, 9.45
30110, -11.15, 0.77, 1.92, 0.12, 9.69
30143, -11.18, 0.72, 1.80, 0.08, 9.18
30175, -11.17, 0.58, 1.88, 0.00, 9.57
30208, -11.13, 0.63, 1.80, 0.16, 9.26
30240, -11.13, 0.59, 1.88, 0.08, 9.65
30280, -11.11, 0.51, 1.84, 0.04, 9.45
30313, -11.09, 0.48, 1.84, 0.04, 9.53
30360, -11.09, 0.57, 1.92, 0.20, 9.89
30396, -10.86, 0.53, 1.69, 0.04, 9.61
30428, -10.77, 0.45, 1.73, 0.04, 9.38
30460, -10.88, 0.53, 1.96, 0.16, 9.77
30493, -10.93, 0.59, 1.80, 0.16, 9.22
30526, -10.86, 0.65, 1.84, 0.16, 9.81
30559, -10.71, 0.49, 1.65, -0.04, 9.34
30590, -10.60, 0.54, 1.77, 0.12, 9.77
30623, -10.45, 0.46, 1.65, 0.04, 9.45
30656, -10.69, 0.64, 2.00, 0.24, 9.73
30688, -10.68, 0.54, 1.84, 0.00, 9.77
30730, -10.67, 0.43, 1.80, 0.00, 9.57
30761, -10.73, 0.35, 1.88, 0.00, 9.65
30794, -10.84, 0.42, 1.92, 0.12, 9.65
30827, -10.79, 0.33, 1.88, 0.00, 10.00
30859, -10.80, 0.42, 1.88, 0.16, 9.85
30892, -10.76, 0.44, 1.84, 0.08, 9.81
30924, -10.82, 0.47, 1.88, 0.12, 9.57
30956, -10.85, 0.71, 1.92, 0.31, 9.89
30989, -10.95, 0.71, 1.96, 0.12, 9.65
31022, -11.08, 0.71, 2.04, 0.08, 9.92
31053, -11.01, 0.74, 1.80, 0.16, 9.53
31086, -11.01, 0.65, 1.88, 0.04, 9.69
31119, -11.03, 0.78, 1.88, 0.24, 9.57
31159, -11.02, 0.78, 1.88, 0.12, 9.81
31192, -11.06, 0.85, 1.88, 0.20, 9.49
31223, -11.01, 0.78, 1.84, 0.08, 9.65
31256, -10.87, 0.78, 1.73, 0.12, 9.53
31302, -10.83, 0.74, 1.77, 0.08, 9.34
31335, -10.80, 0.65, 1.84, 0.04, 9.73
31368, -10.78, 0.70, 1.77, 0.12, 9.34
31399, -10.72, 0.75, 1.80, 0.16, 9.81
31432, -10.76, 0.77, 1.80, 0.12, 9.45
31465, -10.77, 0.72, 1.88, 0.08, 9.77
31497, -10.65, 0.69, 1.69, 0.08, 9.41
31529, -10.70, 0.59, 1.88, 0.04, 9.69
31561, -10.85, 0.52, 1.84, 0.04, 9.06
31603, -10.86, 0.64, 1.84, 0.20, 9.57
31635, -10.95, 0.78, 1.88, 0.24, 9.45
31668, -10.86, 0.84, 1.80, 0.20, 9.73
31699, -10.94, 0.83, 1.80, 0.12, 9.06
31732, -10.96, 0.81, 1.92, 0.12, 9.73
31765, -10.99, 0.85, 1.84, 0.16, 9.45
31804, -10.89, 0.92, 1.80, 0.20, 9.77
31837, -10.92, 1.02, 1.92, 0.24, 9.85
31868, -10.82, 1.07, 1.80, 0.24, 9.85
31901, -10.96, 1.00, 2.00, 0.12, 9.81
31934, -10.90, 0.88, 1.84, 0.04, 9.85
31966, -10.86, 0.87, 1.84, 0.16, 9.73
31998, -10.97, 0.89, 1.96, 0.16, 9.77
32038, -11.04, 0.95, 1.88, 0.20, 9.57
32071, -11.12, 0.89, 1.96, 0.12, 9.73
32103, -11.17, 0.96, 1.92, 0.20, 9.69
32136, -11.13, 0.94, 1.88, 0.16, 9.85
32168, -11.13, 0.94, 1.88, 0.16, 9.53
32200, -11.11, 0.89, 1.92, 0.12, 9.81
32233, -11.05, 0.83, 1.80, 0.08, 9.45
32279, -10.93, 0.81, 1.73, 0.12, 9.30
32312, -10.96, 0.71, 1.88, 0.04, 9.65
32345, -10.89, 0.70, 1.77, 0.12, 9.49
32376, -10.94, 0.57, 1.92, 0.00, 9.69
32409, -10.99, 0.62, 1.88, 0.16, 9.45
32441, -11.02, 0.63, 1.92, 0.12, 9.69
32474, -11.09, 0.65, 1.88, 0.12, 9.45
32504, -10.99, 0.54, 1.80, 0.00, 9.61
32536, -11.10, 0.56, 1.96, 0.12, 9.57
32569, -11.03, 0.51, 1.88, 0.08, 9.96
32601, -11.10, 0.65, 1.96, 0.24, 9.77
32633, -11.11, 0.69, 1.96, 0.16, 9.85
32665, -11.08, 0.74, 1.84, 0.16, 9.61
32698, -11.08, 0.75, 1.92, 0.16, 9.85
32730, -11.09, 0.75, 1.88, 0.12, 9.53
32762, -11.15, 0.77, 1.96, 0.16, 9.92
32795, -11.14, 0.81, 1.88, 0.16, 9.53
32827, -11.14, 0.82, 1.92, 0.12, 9.81
32860, -11.23, 0.79, 2.00, 0.12, 9.65
32891, -11.19, 0.71, 1.84, 0.04, 9.61
32933, -11.19, 0.81, 1.92, 0.24, 9.77
32965, -11.15, 0.63, 1.88, 0.00, 9.69
32998, -11.24, 0.69, 2.00, 0.16, 9.69
33030, -11.22, 0.60, 1.96, 0.04, 9.85
33062, -11.18, 0.70, 1.88, 0.20, 9.65
33094, -11.24, 0.56, 1.96, 0.00, 9.69
33127, -11.26, 0.69, 1.96, 0.24, 9.81
33159, -11.26, 0.69, 1.96, 0.12, 9.85
33191, -11.20, 0.72, 1.84, 0.16, 9.57
33238, -11.15, 0.66, 1.92, 0.08, 9.85
33273, -11.27, 0.70, 2.04, 0.16, 9.73
33305, -11.04, 0.58, 1.69, 0.00, 9.53
33338, -10.82, 0.34, 1.69, -0.12, 9.61
33378, -10.68, 0.21, 1.65, -0.04, 9.10
33411, -10.50, 0.52, 1.65, 0.31, 9.57
33443, -10.60, 0.28, 1.80, -0.12, 9.14
33475, -10.81, 0.18, 2.04, -0.04, 9.81
33508, -10.98, -0.06, 1.92, -0.20, 9.34
33541, -10.88, 0.18, 1.80, 0.24, 9.77
33572, -10.71, 0.43, 1.69, 0.27, 9.61
33605, -10.84, 0.55, 1.96, 0.20, 9.65
33638, -10.87, 0.36, 1.92, -0.08, 9.85
33670, -10.99, 0.37, 1.92, 0.08, 9.61
33702, -11.11, 0.52, 2.04, 0.20, 9.81
33735, -11.14, 0.51, 1.88, 0.08, 9.49
33767, -11.07, 0.54, 1.84, 0.12, 9.73
33810, -11.11, 0.76, 1.88, 0.27, 9.49
33844, -11.00, 0.86, 1.80, 0.20, 9.65
33885, -11.10, 0.86, 1.96, 0.16, 9.69
33918, -11.08, 0.70, 1.84, 0.00, 9.69
33952, -11.12, 0.76, 1.96, 0.16, 9.92
33986, -10.88, 0.87, 1.65, 0.20, 9.41
34020, -10.77, 0.68, 1.73, -0.04, 9.53
34060, -10.73, 0.54, 1.80, 0.00, 9.57
34095, -10.77, 0.75, 1.88, 0.27, 9.57
34127, -10.77, 1.00, 1.88, 0.35, 9.89
34160, -11.04, 0.99, 2.08, 0.16, 9.61
34193, -11.07, 0.51, 1.92, -0.27, 9.85
34226, -11.08, 0.58, 1.80, 0.16, 9.06
34267, -11.09, 0.80, 1.92, 0.31, 9.81
34298, -10.99, 0.78, 1.77, 0.12, 9.45
34331, -10.98, 0.24, 1.88, -0.35, 9.69
34363, -11.07, 0.20, 1.92, 0.00, 9.57
34395, -11.10, 0.54, 1.92, 0.35, 9.65
34427, -11.07, 0.92, 1.88, 0.43, 9.65
34459, -11.04, 0.67, 1.84, -0.08, 9.69
34491, -11.10, 0.53, 1.92, 0.00, 9.53
34524, -10.94, 0.56, 1.77, 0.12, 9.81
34555, -11.04, 0.71, 1.96, 0.24, 9.61
34587, -11.11, 0.61, 1.96, 0.00, 9.77
34620, -11.13, 0.67, 1.92, 0.16, 9.65
34652, -10.90, 0.55, 1.65, 0.00, 9.41
34693, -10.97, 0.45, 1.92, 0.00, 9.65
34724, -10.91, 0.30, 1.77, -0.04, 9.34
34757, -11.01, 0.70, 1.96, 0.39, 9.73
34790, -10.94, 0.40, 1.77, -0.16, 9.30
34822, -10.90, 0.11, 1.84, -0.20, 9.77
34854, -10.82, -0.16, 1.77, -0.20, 9.53
34886, -10.83, 0.15, 1.88, 0.27, 9.73
34919, -10.69, 0.06, 1.73, -0.04, 9.49
34952, -10.72, -0.04, 1.84, -0.08, 9.61
34983, -10.62, -0.18, 1.80, -0.12, 9.85
35016, -10.66, 0.08, 1.88, 0.24, 9.81
35048, -10.74, 0.35, 1.92, 0.27, 9.77
35099, -10.72, 0.12, 1.84, -0.12, 9.81
35143, -10.70, 0.33, 1.84, 0.20, 9.69
35175, -10.66, 0.61, 1.73, 0.27, 9.38
35208, -10.70, 0.56, 1.84, 0.04, 9.53
35240, -10.69, 0.35, 1.73, -0.08, 9.18
35273, -10.76, 0.34, 1.92, 0.04, 9.85
35306, -10.61, 0.46, 1.65, 0.16, 9.30
35339, -10.67, 0.69, 1.88, 0.27, 9.69
35372, -10.55, 0.45, 1.73, -0.12, 9.65
35403, -10.70, 0.44, 1.96, 0.08, 9.73
35436, -10.77, 0.63, 1.92, 0.24, 9.77
35469, -10.89, 0.89, 1.92, 0.35, 9.57
35502, -10.83, 0.67, 1.80, -0.04, 9.69
35534, -10.73, 0.52, 1.69, -0.04, 9.41
35575, -10.60, 0.61, 1.77, 0.16, 9.85
35608, -10.71, 0.86, 1.92, 0.31, 9.61
35641, -10.82, 0.86, 1.92, 0.12, 9.73
35674, -10.97, 0.84, 1.84, 0.12, 8.94
35706, -10.95, 0.84, 1.84, 0.12, 9.65
35738, -10.97, 0.91, 1.80, 0.20, 9.18
35771, -10.97, 0.90, 1.88, 0.16, 9.81
35804, -10.96, 0.61, 1.80, -0.12, 9.38
35836, -11.02, 0.57, 1.92, 0.08, 9.61
35868, -10.93, 0.38, 1.77, -0.08, 9.53
35901, -10.94, 0.54, 1.88, 0.24, 9.81
35934, -10.85, 0.35, 1.80, -0.08, 9.77
35973, -10.88, 0.27, 1.84, 0.00, 9.69
36036, -10.94, 0.40, 1.96, 0.16, 9.89
36069, -10.90, 0.38, 1.84, 0.04, 9.65
36102, -11.31, 0.16, 1.84, -0.12, 9.65
36134, -11.19, 0.17, 1.77, 0.04, 9.41
36167, -11.16, 0.28, 1.88, 0.16, 9.69
36200, -11.06, 0.33, 1.73, 0.08, 9.22
36233, -11.27, 0.37, 2.16, 0.08, 9.96
36265, -11.25, 0.12, 1.84, -0.16, 9.34
36298, -11.29, 0.30, 1.96, 0.16, 9.69
36331, -11.14, 0.41, 1.84, 0.16, 10.00
36363, -11.05, 0.40, 1.80, 0.08, 9.61
36396, -11.09, 0.56, 1.96, 0.20, 9.89
36428, -10.98, 0.59, 1.77, 0.12, 9.45
36470, -10.88, 0.50, 1.80, 0.00, 9.77
36503, -10.78, 0.43, 1.77, 0.04, 9.53
36536, -10.81, 0.40, 1.92, 0.04, 9.73
36568, -10.93, 0.62, 1.96, 0.27, 9.57
36600, -11.11, 0.76, 2.08, 0.24, 9.73
36633, -11.26, 0.91, 1.96, 0.24, 9.18
36666, -11.26, 0.83, 1.92, 0.04, 9.65
36699, -11.11, 0.51, 1.73, -0.16, 9.30
36731, -10.97, 0.64, 1.77, 0.20, 9.57
36764, -10.73, 0.62, 1.69, 0.08, 9.89
36796, -10.69, 0.67, 1.84, 0.16, 9.81
36829, -10.74, 0.46, 1.92, -0.08, 9.69
36861, -10.74, 0.36, 1.80, 0.00, 9.65
36922, -10.90, 0.61, 2.00, 0.24, 9.73
36955, -11.18, 0.97, 2.04, 0.39, 9.45
36987, -11.19, 0.82, 1.92, 0.04, 9.57
37020, -11.03, 0.48, 1.73, -0.16, 9.45
37052, -10.96, 0.41, 1.80, 0.04, 9.69
37085, -10.88, 0.61, 1.69, 0.24, 9.02
37117, -10.91, 0.65, 1.84, 0.12, 9.49
37150, -10.87, 0.48, 1.77, -0.04, 9.26
37183, -10.92, 0.52, 1.92, 0.12, 9.57
37216, -10.62, 0.59, 1.57, 0.16, 9.61
37248, -10.71, 0.77, 1.92, 0.27, 9.65
37280, -10.74, 0.49, 1.84, -0.12, 9.65
37313, -10.73, 0.50, 1.84, 0.08, 9.69
37355, -10.55, 0.63, 1.73, 0.24, 9.89
37388, -10.64, 0.76, 1.92, 0.24, 9.77
37420, -10.75, 0.74, 1.96, 0.12, 9.81
37452, -10.94, 0.75, 2.00, 0.16, 9.57
37485, -10.99, 0.79, 1.92, 0.16, 9.73
37518, -11.05, 0.75, 1.88, 0.12, 9.53
37551, -10.88, 0.61, 1.73, 0.00, 9.73
37582, -10.88, 0.64, 1.77, 0.12, 9.18
37615, -10.83, 0.86, 1.80, 0.31, 9.65
37648, -10.75, 0.67, 1.73, -0.04, 9.30
37681, -10.77, 0.66, 1.88, 0.12, 9.65
37713, -10.56, 0.33, 1.61, -0.20, 9.38
37746, -10.48, 0.08, 1.77, -0.16, 9.69
37786, -10.38, 0.28, 1.61, 0.16, 9.14
37836, -10.52, 0.41, 1.88, 0.12, 9.61
37869, -10.89, 0.27, 2.00, -0.04, 9.10
37902, -11.05, 0.34, 2.00, 0.12, 9.73
37934, -11.12, 0.31, 1.84, 0.04, 9.22
37966, -11.11, 0.47, 1.92, 0.20, 9.85
37999, -11.02, 0.35, 1.73, -0.04, 9.38
38032, -11.01, 0.31, 1.88, 0.04, 9.73
38068, -10.87, 0.54, 1.80, 0.27, 9.81
38104, -10.75, 0.57, 1.73, 0.12, 9.61
38136, -10.75, 0.42, 1.77, -0.04, 9.06
38169, -10.83, 0.07, 1.88, -0.24, 9.53
38202, -10.77, 0.00, 1.69, -0.04, 9.14
38244, -11.06, 0.28, 2.12, 0.27, 9.65
38276, -11.09, 0.20, 1.88, -0.04, 9.45
38308, -10.98, 0.10, 1.77, -0.04, 9.49
38341, -10.82, 0.03, 1.77, -0.04, 9.81
38374, -10.82, 0.36, 1.88, 0.31, 9.89
38406, -10.80, 0.41, 1.84, 0.12, 9.77
38438, -10.86, 0.46, 1.92, 0.12, 9.69
38471, -10.88, 0.60, 1.88, 0.16, 9.77
38504, -10.89, 0.64, 1.84, 0.16, 9.49
38537, -10.91, 0.58, 1.88, 0.04, 9.73
38569, -10.84, 0.68, 1.77, 0.20, 9.61
38601, -10.77, 0.71, 1.80, 0.16, 9.77
38634, -10.95, 0.74, 1.92, 0.12, 9.26
38675, -10.79, 0.74, 1.73, 0.12, 9.73
38708, -10.81, 0.68, 1.80, 0.08, 9.41
38739, -10.98, 0.72, 2.00, 0.16, 9.65
38787, -11.04, 0.54, 1.88, -0.04, 9.45
38819, -10.90, 0.34, 1.69, -0.08, 9.22
38851, -10.75, 0.51, 1.73, 0.20, 9.65
38884, -10.56, 0.37, 1.61, -0.04, 9.30
38917, -10.68, 0.46, 1.92, 0.16, 9.73
38949, -10.72, 0.09, 1.77, -0.24, 9.14
38981, -10.96, 0.21, 2.08, 0.16, 9.69
39014, -11.00, 0.21, 1.84, 0.04, 9.49
39047, -11.16, 0.25, 2.04, 0.08, 9.65
39079, -11.19, 0.41, 1.96, 0.20, 9.81
39120, -11.17, 0.41, 1.92, 0.08, 9.77
39153, -11.20, 0.45, 1.96, 0.12, 9.85
39186, -11.11, 0.65, 1.80, 0.24, 9.57
39218, -11.08, 0.58, 1.92, 0.04, 9.92
39250, -10.96, 0.44, 1.77, -0.04, 9.65
39283, -11.08, 0.69, 2.00, 0.31, 9.73
39316, -11.14, 0.90, 1.96, 0.31, 9.69
39348, -11.11, 0.79, 1.88, 0.04, 9.69
39380, -11.20, 0.77, 1.96, 0.12, 9.53
39413, -11.03, 0.86, 1.77, 0.24, 9.81
39446, -11.00, 0.88, 1.77, 0.16, 9.18
39478, -10.80, 0.81, 1.73, 0.08, 9.81
39511, -10.78, 0.65, 1.77, -0.04, 9.30
39550, -10.88, 0.79, 1.92, 0.24, 9.61
39583, -10.88, 1.01, 1.77, 0.31, 9.26
39616, -11.02, 1.02, 1.96, 0.16, 9.69
39648, -11.05, 0.69, 1.84, -0.12, 9.41
39681, -10.96, 0.44, 1.77, -0.12, 9.53
39713, -10.88, 0.35, 1.69, 0.00, 9.02
39759, -10.87, 0.37, 1.73, 0.04, 9.10
39792, -10.73, 0.21, 1.73, -0.08, 9.61
39824, -10.70, 0.16, 1.73, 0.00, 9.22
39857, -10.83, 0.32, 1.96, 0.20, 9.65
39888, -10.81, 0.27, 1.77, 0.00, 9.30
39921, -10.82, 0.21, 1.84, -0.04, 9.73
39954, -10.66, 0.30, 1.65, 0.12, 9.30
39996, -10.67, 0.46, 1.84, 0.20, 9.73
40028, -10.58, 0.27, 1.73, -0.08, 9.45
40060, -10.75, 0.16, 1.96, -0.04, 9.61
40093, -10.64, -0.02, 1.77, -0.12, 9.77
40126, -10.55, 0.14, 1.73, 0.16, 9.57
40166, -10.81, 0.45, 1.92, 0.31, 9.14
40198, -10.74, 0.22, 1.80, -0.12, 9.69
40230, -10.67, 0.09, 1.69, -0.04, 9.26
40263, -10.54, 0.23, 1.69, 0.16, 9.65
40296, -10.37, 0.09, 1.61, -0.08, 9.34
40329, -10.53, 0.05, 1.92, 0.00, 9.53
40360, -10.79, -0.04, 2.08, -0.08, 9.73
40393, -11.23, 0.29, 2.28, 0.31, 9.65
40433, -11.47, 0.24, 2.08, 0.00, 9.41
40466, -11.94, 0.42, 2.31, 0.20, 9.53
40499, -11.75, 0.22, 1.77, -0.12, 9.38
40531, -11.44, 0.34, 1.69, 0.12, 9.61
40563, -10.93, 0.40, 1.49, 0.12, 9.85
40596, -10.44, 0.63, 1.41, 0.27, 9.57
40629, -10.19, 0.59, 1.61, 0.04, 10.04
40662, -10.03, 0.60, 1.57, 0.12, 9.45
40694, -10.13, 0.73, 1.80, 0.24, 9.65
40741, -10.79, 0.83, 2.28, 0.20, 9.38
40774, -11.36, 0.64, 2.20, -0.04, 9.06
40807, -11.66, 0.41, 2.16, -0.08, 9.53
40839, -11.88, 0.26, 2.04, -0.08, 9.18
40883, -11.50, 0.52, 1.73, 0.27, 9.92
40916, -10.77, 0.65, 1.37, 0.20, 9.89
40951, -10.22, 0.36, 1.33, -0.16, 9.49
40985, -9.97, 0.55, 1.53, 0.24, 9.53
41020, -10.13, 0.63, 1.88, 0.16, 9.65
41054, -10.48, 0.63, 2.04, 0.08, 9.61
41088, -11.07, 0.61, 2.24, 0.08, 9.30
41122, -11.71, 0.62, 2.47, 0.12, 9.65
41156, -11.95, 0.60, 2.20, 0.08, 9.73
41191, -11.79, 0.41, 1.92, -0.08, 9.89
41225, -11.35, 0.53, 1.61, 0.16, 9.61
41260, -10.80, 0.68, 1.45, 0.20, 9.92
41293, -10.53, 0.69, 1.65, 0.12, 9.85
41335, -10.31, 0.65, 1.57, 0.08, 9.41
41367, -10.55, 0.78, 2.00, 0.24, 9.81
41399, -11.13, 0.97, 2.31, 0.31, 9.53
41431, -11.86, 0.83, 2.55, 0.04, 9.57
41463, -12.16, 0.72, 2.31, 0.04, 9.69
41495, -11.76, 0.54, 1.69, -0.04, 9.73
41527, -11.16, 0.68, 1.45, 0.20, 9.89
41559, -10.15, 0.57, 0.94, 0.00, 9.45
41590, -9.73, 0.62, 1.41, 0.16, 9.92
41622, -9.43, 0.47, 1.33, -0.04, 9.26
41654, -9.85, 0.61, 2.04, 0.20, 9.65
41704, -10.69, 0.88, 2.43, 0.31, 9.57
41736, -10.96, 0.70, 2.12, 0.00, 10.00
41777, -10.81, 0.43, 1.77, -0.12, 9.69
41808, -10.48, 0.21, 1.57, -0.12, 9.81
41841, -10.19, 0.26, 1.53, 0.08, 9.69
41874, -9.85, 0.31, 1.45, 0.12, 9.92
41906, -9.80, 0.50, 1.69, 0.24, 9.81
41938, -9.82, 0.40, 1.73, 0.00, 9.69
41970, -9.92, 0.44, 1.80, 0.12, 9.61
42002, -10.16, 0.27, 1.88, -0.08, 9.41
42035, -10.45, 0.35, 2.00, 0.16, 9.57
42066, -10.59, -0.00, 1.88, -0.24, 9.49
42099, -10.70, -0.15, 1.88, -0.12, 9.45
42131, -10.70, -0.35, 1.84, -0.20, 9.73
42164, -10.65, -0.44, 1.77, -0.12, 9.57
42204, -10.12, -0.30, 1.29, 0.08, 9.10
42240, -9.57, -0.03, 1.26, 0.20, 9.65
42275, -9.77, 0.29, 1.84, 0.27, 9.69
42307, -10.43, 0.39, 2.28, 0.16, 9.57
42340, -11.34, 0.49, 2.55, 0.16, 9.41
42372, -12.08, 0.49, 2.59, 0.08, 9.73
42404, -12.25, 0.53, 2.20, 0.12, 9.61
42437, -11.62, 0.37, 1.49, -0.08, 9.89
42469, -10.98, 0.54, 1.37, 0.20, 9.61
42502, -10.23, 0.55, 1.22, 0.08, 9.92
42533, -10.04, 0.74, 1.61, 0.27, 9.69
42566, -10.40, 0.89, 2.08, 0.27, 9.77
42622, -11.20, 1.02, 2.47, 0.24, 9.77
42664, -11.38, 1.19, 2.08, 0.27, 9.73
42696, -10.73, 0.81, 1.41, -0.16, 9.81
42729, -10.02, 0.80, 1.26, 0.12, 9.81
42762, -9.81, 0.77, 1.49, 0.12, 9.65
42793, -10.22, 1.02, 2.08, 0.35, 9.65
42826, -11.15, 1.23, 2.59, 0.35, 9.61
42858, -12.09, 1.33, 2.75, 0.27, 9.45
42891, -12.33, 1.03, 2.28, -0.08, 9.77
42924, -11.90, 0.62, 1.65, -0.20, 9.57
42955, -10.77, 0.31, 0.98, -0.20, 9.89
42988, -9.70, 0.30, 0.82, 0.08, 9.61
43020, -9.78, 0.86, 1.80, 0.59, 9.85
43053, -10.63, 1.30, 2.47, 0.55, 9.45
43092, -11.52, 0.85, 2.67, -0.20, 9.73
43125, -11.66, 0.63, 2.04, -0.04, 9.49
43157, -10.64, 0.33, 1.06, -0.16, 9.81
43190, -9.37, 0.45, 0.63, 0.16, 9.49
43222, -9.28, 0.91, 1.57, 0.51, 9.81
43254, -10.05, 1.17, 2.31, 0.39, 9.53
43286, -11.16, 1.01, 2.82, 0.04, 9.73
43319, -11.81, 0.81, 2.43, -0.04, 9.38
43351, -11.36, 0.44, 1.57, -0.20, 9.65
43383, -10.41, 0.58, 1.02, 0.20, 9.57
43416, -10.17, 0.95, 1.57, 0.43, 9.77
43448, -10.67, 1.11, 2.16, 0.27, 9.38
43498, -11.34, 0.51, 2.43, -0.31, 9.73
43534, -11.11, 0.04, 1.65, -0.31, 9.30
43564, -10.79, 0.58, 1.61, 0.51, 9.77
43596, -10.51, 1.11, 1.53, 0.55, 9.30
43629, -10.31, 1.10, 1.61, 0.16, 9.81
43661, -10.23, 0.77, 1.69, -0.12, 9.45
43694, -10.32, 0.70, 1.84, 0.04, 9.73
43726, -10.35, 0.77, 1.77, 0.20, 9.41
43758, -10.56, 0.73, 2.00, 0.08, 9.77
43791, -10.68, 0.55, 1.84, -0.04, 9.26
43823, -10.84, 0.56, 1.96, 0.12, 9.65
43855, -10.88, 0.53, 1.84, 0.08, 9.41
43888, -11.16, 0.55, 2.08, 0.12, 9.57
43920, -11.33, 0.56, 1.88, 0.08, 9.02
43953, -11.29, 0.53, 1.92, 0.08, 9.73
43994, -11.12, 0.63, 1.73, 0.16, 9.53
44026, -10.47, 0.33, 1.33, -0.16, 9.81
44058, -10.29, 0.55, 1.53, 0.24, 9.18
44091, -10.61, 1.00, 2.08, 0.51, 9.73
44124, -11.48, 1.24, 2.51, 0.35, 9.14
44155, -11.62, 0.68, 2.12, -0.31, 9.77
44188, -11.36, 0.14, 1.65, -0.35, 9.06
44220, -10.90, 0.23, 1.49, 0.12, 9.69
44253, -10.66, 0.91, 1.57, 0.63, 9.22
44284, -10.67, 1.22, 1.84, 0.43, 9.65
44317, -10.84, 0.84, 1.88, -0.16, 9.18
44356, -11.04, 0.58, 2.08, -0.08, 9.85
44406, -11.02, 0.84, 1.88, 0.35, 9.73
44449, -11.15, 1.01, 2.00, 0.27, 9.77
44482, -11.14, 0.65, 1.88, -0.16, 9.61
44515, -10.85, 0.24, 1.61, -0.24, 9.53
44548, -10.74, 0.63, 1.69, 0.39, 9.38
44580, -10.80, 1.09, 1.92, 0.51, 9.77
44612, -11.09, 0.94, 1.96, 0.04, 9.14
44645, -11.16, 0.16, 1.96, -0.55, 9.69
44678, -10.92, -0.14, 1.65, -0.24, 9.38
44710, -10.79, 0.21, 1.73, 0.27, 9.65
44743, -10.54, 0.13, 1.61, -0.04, 9.61
44776, -10.81, 0.60, 2.04, 0.47, 9.65
44809, -11.18, 1.20, 2.20, 0.67, 9.73
44841, -11.30, 1.39, 1.96, 0.35, 9.49
44883, -11.23, 0.60, 1.88, -0.51, 9.89
44915, -10.91, -0.29, 1.69, -0.67, 9.77
44948, -10.70, -0.30, 1.73, -0.04, 9.85
44981, -10.61, 0.73, 1.73, 0.90, 9.61
45014, -10.70, 1.48, 1.96, 0.82, 9.89
45045, -10.91, 1.45, 2.00, 0.20, 9.53
45078, -10.95, 0.46, 1.88, -0.67, 9.73
45111, -11.12, -0.05, 1.92, -0.35, 9.10
45144, -11.05, 0.59, 1.84, 0.59, 9.77
45176, -10.90, 1.03, 1.69, 0.47, 9.22
45208, -10.74, 1.08, 1.73, 0.20, 9.69
45241, -10.63, 0.46, 1.69, -0.39, 9.49
45281, -10.76, 0.31, 1.92, -0.04, 9.65
45331, -10.80, 0.83, 1.80, 0.47, 9.26
45364, -10.89, 0.89, 1.92, 0.20, 9.73
45396, -10.93, 0.49, 1.84, -0.20, 9.41
45429, -10.86, 0.47, 1.80, 0.08, 9.65
45462, -10.81, 0.71, 1.73, 0.27, 9.10
45495, -10.70, 1.04, 1.73, 0.39, 9.73
45527, -10.62, 0.71, 1.69, -0.12, 9.26
45559, -10.79, 0.54, 2.00, -0.04, 9.69
45592, -10.71, 0.46, 1.73, 0.00, 9.45
45625, -10.75, 0.86, 1.88, 0.43, 9.61
45657, -10.66, 0.76, 1.73, 0.04, 9.57
45689, -10.46, 0.58, 1.69, -0.04, 9.77
45731, -10.28, 0.64, 1.73, 0.16, 10.08
45764, -10.52, 1.36, 2.00, 0.71, 9.77
45797, -11.01, 1.50, 2.35, 0.35, 10.00
45830, -11.29, 1.16, 2.16, -0.08, 9.65
45861, -10.63, 0.28, 1.33, -0.63, 9.73
45894, -10.15, 0.33, 1.37, 0.12, 9.69
45927, -10.74, 1.42, 2.35, 1.06, 9.81
45960, -11.43, 2.17, 2.47, 0.90, 9.45
45992, -11.59, 1.23, 2.12, -0.55, 9.73
46024, -11.14, -0.04, 1.45, -0.90, 9.14
46057, -10.31, -0.01, 1.14, 0.08, 9.81
46090, -10.18, 0.92, 1.57, 0.86, 9.26
46123, -10.69, 1.53, 2.24, 0.71, 9.61
46162, -11.18, 0.68, 2.24, -0.47, 9.38
46195, -10.76, -0.33, 1.57, -0.78, 9.77
46228, -9.95, -0.59, 1.02, -0.24, 8.94
46275, -10.32, 0.72, 1.92, 0.98, 9.18
46308, -11.27, 0.98, 2.63, 0.35, 9.65
46340, -11.24, -0.42, 1.88, -1.10, 9.61
46372, -10.67, -1.31, 1.41, -0.82, 9.69
46405, -9.73, -0.61, 0.98, 0.47, 10.04
46441, -9.94, 0.77, 1.80, 1.10, 9.26
46477, -10.95, 1.12, 2.47, 0.39, 9.02
46510, -11.72, 0.21, 2.59, -0.63, 9.61
46542, -11.53, -0.63, 1.73, -0.67, 9.22
46575, -10.69, -0.13, 1.18, 0.35, 9.57
46617, -10.46, 0.57, 1.57, 0.59, 9.45
46650, -11.19, 0.71, 2.47, 0.24, 9.61
46683, -12.04, 0.26, 2.71, -0.27, 9.73
46715, -12.23, -0.13, 2.16, -0.31, 9.49
46748, -11.43, -0.01, 1.37, 0.12, 10.00
46781, -10.74, 0.27, 1.29, 0.27, 9.73
46814, -10.50, 0.61, 1.61, 0.35, 9.77
46846, -10.41, 0.81, 1.65, 0.27, 9.26
46878, -10.39, 0.51, 1.77, -0.12, 9.57
46911, -10.45, 0.34, 1.80, -0.08, 9.49
46944, -10.62, 0.51, 1.92, 0.24, 9.65
46977, -10.73, 0.50, 1.88, 0.08, 9.45
47009, -10.79, 0.29, 1.88, -0.12, 9.65
47049, -10.75, 0.06, 1.73, -0.16, 9.26
47082, -10.93, 0.17, 2.00, 0.12, 9.61
47115, -10.86, 0.33, 1.77, 0.16, 9.45
47148, -10.90, 0.52, 1.88, 0.24, 9.81
47180, -10.97, 0.46, 1.96, 0.04, 9.81
47213, -10.89, 0.46, 1.77, 0.08, 9.45
47260, -10.91, 0.57, 1.77, 0.16, 9.26
47293, -10.83, 0.50, 1.80, 0.04, 9.73
47325, -10.78, 0.45, 1.77, 0.04, 9.45
47357, -10.72, 0.46, 1.80, 0.08, 9.73
47390, -10.81, 0.56, 1.88, 0.16, 9.49
47423, -10.64, 0.42, 1.69, -0.04, 9.61
47456, -10.69, 0.26, 1.77, -0.08, 9.14
47498, -10.70, 0.33, 1.88, 0.12, 9.85
47531, -10.46, 0.19, 1.57, -0.08, 9.38
47563, -10.42, 0.40, 1.77, 0.20, 9.69
47596, -10.58, 0.35, 2.00, 0.04, 9.92
47629, -10.52, 0.40, 1.77, 0.12, 9.77
47661, -10.75, 0.38, 2.04, 0.04, 9.81
47693, -10.95, 0.59, 2.04, 0.27, 9.69
47726, -11.08, 0.68, 2.00, 0.20, 9.73
47759, -10.99, 0.85, 1.80, 0.24, 9.65
47792, -10.93, 0.77, 1.84, 0.08, 9.73
47824, -10.96, 0.78, 1.84, 0.12, 9.41
47857, -11.05, 0.59, 1.92, -0.04, 9.69
47889, -11.06, 0.67, 1.80, 0.16, 9.18
47931, -10.91, 0.71, 1.77, 0.12, 9.69
47966, -10.95, 0.85, 1.92, 0.24, 9.85
48000, -10.86, 0.74, 1.73, 0.04, 9.30
48033, -11.05, 0.80, 2.04, 0.16, 9.77
48068, -11.03, 0.82, 1.88, 0.16, 9.69
48107, -10.98, 0.99, 1.84, 0.27, 9.73
48140, -10.72, 0.58, 1.61, -0.20, 9.49
48173, -10.70, 0.64, 1.84, 0.16, 9.81
48205, -10.60, 0.70, 1.77, 0.16, 9.92
48238, -10.56, 0.74, 1.77, 0.16, 9.53
48271, -10.72, 0.65, 1.96, 0.04, 9.61
48304, -10.73, 0.63, 1.80, 0.08, 9.45
48336, -10.61, 0.67, 1.73, 0.16, 9.61
48378, -10.78, 0.80, 1.88, 0.24, 9.14
48410, -10.63, 0.64, 1.73, 0.00, 9.81
48443, -10.74, 0.74, 1.88, 0.20, 9.49
48475, -10.65, 0.66, 1.80, 0.04, 9.92
48506, -10.81, 0.76, 1.92, 0.20, 9.49
48545, -10.93, 0.71, 1.88, 0.08, 9.34
48578, -10.92, 0.70, 1.88, 0.12, 9.81
48610, -10.94, 0.41, 1.80, -0.12, 9.34
48643, -10.91, 0.45, 1.88, 0.12, 9.77
48674, -10.90, 0.30, 1.77, -0.04, 9.18
48707, -10.90, 0.27, 1.84, 0.04, 9.61
48739, -10.82, 0.18, 1.69, -0.04, 9.14
48772, -10.87, 0.34, 1.88, 0.20, 9.69
48812, -10.89, 0.30, 1.80, 0.04, 9.41
48844, -10.82, 0.47, 1.80, 0.20, 9.73
48876, -10.89, 0.53, 1.84, 0.12, 9.45
48909, -10.89, 0.39, 1.88, -0.04, 9.81
48942, -10.84, 0.28, 1.73, -0.04, 9.10
48974, -10.73, 0.29, 1.77, 0.08, 9.73
49007, -10.64, 0.28, 1.65, 0.04, 9.18
49039, -10.83, 0.30, 2.00, 0.08, 9.73
49072, -10.70, 0.15, 1.69, -0.08, 9.45
49104, -10.83, 0.42, 1.96, 0.27, 9.73
49137, -10.71, 0.43, 1.73, 0.04, 9.73
49190, -10.73, 0.44, 1.80, 0.08, 9.38
49223, -10.78, 0.53, 1.88, 0.16, 9.65
49265, -10.88, 0.72, 1.92, 0.24, 9.57
49297, -10.88, 0.77, 1.88, 0.16, 9.73
49330, -10.92, 0.89, 1.80, 0.24, 9.18
49362, -10.98, 0.79, 1.92, 0.04, 9.69
49395, -10.98, 0.48, 1.80, -0.16, 9.34
49428, -10.95, 0.25, 1.88, -0.12, 9.81
49461, -10.93, 0.11, 1.84, -0.08, 9.61
49492, -10.90, 0.29, 1.84, 0.20, 9.81
49525, -10.80, 0.28, 1.84, 0.04, 10.08
49558, -10.85, 0.43, 1.92, 0.20, 9.77
49591, -11.04, 0.47, 2.04, 0.12, 9.81
49624, -11.19, 0.64, 2.00, 0.24, 9.53
49655, -11.07, 0.70, 1.84, 0.16, 9.81
49696, -11.11, 0.84, 1.88, 0.24, 9.61
49729, -11.22, 0.74, 2.00, 0.04, 9.65
49761, -11.29, 0.84, 1.96, 0.20, 9.65
49794, -11.20, 0.77, 1.88, 0.08, 9.89
49826, -11.25, 0.77, 1.92, 0.12, 9.49
49858, -11.30, 0.85, 1.96, 0.20, 9.77
49891, -11.21, 0.86, 1.80, 0.16, 9.49
49924, -11.06, 0.67, 1.77, -0.04, 9.73
49956, -11.02, 0.63, 1.80, 0.08, 9.41
49988, -11.10, 0.55, 1.96, 0.04, 9.73
50021, -10.95, 0.59, 1.69, 0.12, 9.41
50054, -10.89, 0.64, 1.84, 0.16, 9.73
50107, -10.86, 0.59, 1.88, 0.04, 9.81
50140, -10.90, 0.55, 1.88, 0.08, 9.57
50181, -10.77, 0.29, 1.73, -0.12, 9.61
50213, -10.84, 0.23, 1.88, 0.00, 9.53
50245, -10.61, 0.03, 1.65, -0.16, 9.69
50278, -10.65, 0.02, 1.88, 0.00, 9.85
50310, -10.44, -0.06, 1.61, -0.04, 9.57
50342, -10.46, 0.15, 1.84, 0.20, 9.81
50374, -10.44, 0.03, 1.77, -0.08, 9.61
50407, -10.37, 0.15, 1.73, 0.12, 9.69
50439, -10.23, -0.04, 1.65, -0.16, 9.69
50471, -10.41, 0.06, 1.92, 0.12, 9.61
50503, -10.31, 0.06, 1.69, 0.00, 9.65
50536, -10.47, 0.15, 1.96, 0.12, 9.77
50568, -10.41, 0.07, 1.73, -0.04, 9.49
50598, -10.42, 0.23, 1.84, 0.20, 9.85
50637, -10.55, 0.29, 1.92, 0.12, 9.89
50670, -10.36, 0.15, 1.61, -0.08, 9.41
50702, -10.27, 0.05, 1.69, -0.04, 9.65
50735, -10.25, 0.06, 1.69, 0.04, 9.38
50766, -10.31, 0.26, 1.84, 0.20, 9.73
50799, -10.25, 0.16, 1.69, -0.04, 9.49
50831, -10.24, 0.15, 1.77, 0.04, 9.73
50864, -10.34, 0.15, 1.80, 0.04, 9.38
50896, -10.46, 0.27, 1.88, 0.16, 9.61
50928, -10.35, 0.01, 1.65, -0.20, 9.61
50961, -10.29, -0.03, 1.73, -0.04, 9.69
51021, -10.36, -0.00, 1.80, 0.00, 9.73
51054, -10.46, 0.14, 1.88, 0.12, 9.65
51086, -10.43, 0.02, 1.77, -0.12, 9.73
51119, -10.62, 0.18, 1.92, 0.16, 9.45
51151, -10.59, 0.40, 1.80, 0.24, 9.85
51183, -10.71, 0.49, 1.92, 0.16, 9.65
51216, -10.70, 0.43, 1.84, 0.04, 9.85
51248, -10.64, 0.48, 1.77, 0.12, 9.57
51280, -10.73, 0.64, 1.96, 0.24, 10.00
51312, -10.92, 0.88, 2.00, 0.31, 9.65
51345, -10.73, 0.64, 1.73, -0.08, 9.92
51378, -10.81, 0.57, 1.88, 0.04, 9.69
51409, -10.83, 0.57, 1.88, 0.12, 9.81
51451, -10.95, 0.77, 1.96, 0.27, 9.65
51483, -11.07, 0.64, 2.04, 0.00, 9.96
51516, -11.02, 0.46, 1.84, -0.04, 9.69
51548, -10.99, 0.67, 1.92, 0.27, 10.00
51580, -11.02, 0.86, 1.92, 0.27, 9.77
51612, -11.05, 0.60, 1.96, -0.12, 9.92
51645, -10.94, 0.39, 1.73, -0.08, 9.57
51677, -11.18, 0.42, 2.12, 0.12, 9.81
51709, -11.16, 0.54, 1.88, 0.16, 9.69
51742, -11.07, 0.68, 1.88, 0.24, 10.00
51774, -10.94, 0.68, 1.77, 0.12, 9.73
51807, -10.76, 0.44, 1.73, -0.12, 9.81
51838, -10.92, 0.57, 2.00, 0.20, 9.77
51899, -10.91, 0.44, 1.84, -0.04, 9.69
51931, -10.96, 0.48, 1.92, 0.12, 9.73
51963, -10.87, 0.30, 1.77, -0.08, 9.49
51996, -11.19, 0.42, 2.12, 0.16, 9.61
52028, -11.17, 0.34, 1.88, 0.00, 9.65
52061, -11.31, 0.49, 2.04, 0.20, 9.81
52092, -11.23, 0.67, 1.88, 0.24, 9.89
52125, -11.15, 0.90, 1.80, 0.31, 9.65
52157, -11.11, 0.77, 1.84, 0.04, 9.65
52190, -10.95, 0.75, 1.73, 0.08, 9.65
52222, -10.97, 0.69, 1.96, 0.08, 9.92
52254, -11.01, 0.77, 1.88, 0.16, 9.65
52287, -10.93, 0.79, 1.84, 0.16, 9.81
52319, -10.94, 0.96, 1.88, 0.27, 9.69
52361, -10.95, 0.93, 1.92, 0.12, 9.77
52392, -10.88, 0.68, 1.80, -0.08, 9.65
52425, -10.93, 0.56, 1.92, 0.00, 9.65
52457, -10.94, 0.72, 1.88, 0.24, 9.77
52490, -10.58, 0.60, 1.53, 0.00, 9.65
52521, -10.45, 0.43, 1.69, -0.08, 9.57
52554, -10.35, 0.25, 1.69, -0.08, 9.53
52586, -10.38, 0.34, 1.80, 0.12, 9.65
52619, -10.21, 0.25, 1.65, 0.00, 9.73
52651, -10.35, 0.24, 1.88, 0.00, 9.61
52683, -10.42, 0.10, 1.80, -0.08, 9.45
52722, -10.59, 0.27, 1.96, 0.20, 9.73
52754, -10.66, 0.20, 1.88, 0.00, 9.57
52811, -10.74, 0.31, 1.77, 0.12, 9.10
52844, -10.73, 0.51, 1.84, 0.24, 9.73
52876, -10.70, 0.30, 1.73, -0.08, 9.22
52909, -10.76, 0.26, 1.88, 0.00, 9.85
52941, -10.85, 0.24, 1.80, 0.04, 9.02
52973, -10.95, 0.39, 1.92, 0.16, 9.61
53006, -10.91, 0.35, 1.73, 0.04, 9.10
53039, -11.08, 0.02, 2.04, -0.24, 9.89
53070, -11.10, 0.44, 1.88, 0.39, 9.38
53103, -11.05, 0.83, 1.88, 0.43, 9.89
53136, -10.54, 0.36, 1.37, -0.31, 9.38
53168, -10.37, 0.24, 1.69, -0.04, 9.92
53200, -10.16, -0.04, 1.53, -0.20, 9.38
53242, -10.43, 0.47, 2.00, 0.43, 9.53
53274, -10.51, 0.43, 1.80, 0.04, 9.38
53307, -10.52, 0.30, 1.84, -0.04, 9.73
53340, -10.37, 0.14, 1.65, -0.08, 9.57
53371, -10.44, 0.35, 1.88, 0.24, 9.85
53404, -10.49, 0.20, 1.88, -0.08, 9.89
53436, -10.59, 0.09, 1.84, -0.04, 9.61
53469, -10.78, 0.35, 2.04, 0.27, 9.89
53501, -10.86, 0.56, 1.96, 0.24, 9.89
53533, -10.71, 0.36, 1.77, -0.08, 10.04
53566, -10.62, 0.26, 1.77, -0.04, 9.81
53599, -10.53, 0.51, 1.77, 0.27, 9.77
53639, -10.50, 0.62, 1.77, 0.20, 9.61
53671, -10.56, 0.35, 1.80, -0.16, 9.41
53703, -10.66, 0.27, 1.92, 0.00, 9.81
53750, -11.03, 0.61, 2.08, 0.31, 9.41
53782, -10.82, 0.77, 1.65, 0.24, 9.41
53815, -10.85, 0.67, 1.88, 0.04, 9.81
53847, -10.53, 0.17, 1.53, -0.31, 9.41
53879, -10.60, 0.47, 1.88, 0.31, 9.77
53912, -10.63, 0.39, 1.88, 0.00, 9.92
53945, -10.57, 0.32, 1.73, 0.00, 9.45
53977, -10.56, 0.25, 1.84, 0.00, 9.92
54009, -10.52, 0.40, 1.77, 0.20, 9.69
54042, -10.55, 0.46, 1.84, 0.12, 9.73
54075, -10.61, 0.43, 1.80, 0.04, 9.49
54116, -10.49, 0.61, 1.77, 0.24, 9.96
54149, -10.85, 0.90, 2.08, 0.35, 9.49
54181, -10.91, 0.76, 2.00, 0.00, 10.00
54214, -11.00, 0.75, 1.92, 0.12, 9.53
54246, -10.83, 0.72, 1.73, 0.08, 9.81
54279, -10.84, 1.07, 1.84, 0.43, 9.57
54311, -10.88, 0.94, 1.88, 0.04, 9.73
54344, -10.82, 0.69, 1.77, -0.08, 9.34
54376, -10.60, 0.82, 1.65, 0.24, 9.73
54409, -10.57, 0.76, 1.69, 0.08, 9.26
54441, -10.64, 0.78, 1.88, 0.16, 9.69
54474, -10.61, 0.44, 1.73, -0.16, 9.34
54506, -10.89, 0.06, 2.08, -0.27, 9.69
54547, -10.94, 0.14, 1.88, 0.12, 9.49
54580, -10.93, 0.62, 1.92, 0.47, 9.96
54611, -10.69, 0.72, 1.53, 0.16, 9.14
54644, -10.53, 0.24, 1.73, -0.31, 9.77
54677, -10.43, -0.00, 1.65, -0.16, 9.26
54723, -10.56, 0.57, 1.80, 0.47, 9.14
54755, -10.60, 0.76, 1.84, 0.24, 9.69
54791, -10.51, 0.81, 1.77, 0.16, 9.89
54827, -10.60, 0.60, 1.92, -0.08, 9.92
54859, -10.89, 0.66, 2.08, 0.16, 9.61
54892, -10.85, 0.93, 1.84, 0.35, 9.73
54925, -10.91, 1.01, 1.84, 0.20, 9.41
54958, -10.80, 0.75, 1.80, -0.08, 9.89
55002, -10.50, 0.78, 1.57, 0.16, 9.65
55035, -10.54, 1.00, 1.84, 0.31, 9.69
55070, -10.79, 0.73, 2.00, -0.08, 9.53
55105, -10.81, 0.71, 1.92, 0.12, 9.96
55139, -10.71, 0.67, 1.73, 0.08, 9.49
55174, -10.65, 0.91, 1.77, 0.31, 9.57
55207, -10.55, 0.61, 1.80, -0.12, 9.89
55242, -10.70, 0.72, 1.92, 0.24, 9.85
55277, -10.78, 0.60, 1.80, 0.00, 9.10
55311, -10.92, 0.78, 2.00, 0.27, 9.85
55345, -10.92, 0.62, 1.88, 0.00, 9.81
55379, -10.86, 0.54, 1.77, 0.04, 9.53
55413, -10.84, 0.36, 1.84, -0.04, 9.61
55455, -10.88, 0.57, 1.92, 0.24, 9.81
55488, -10.73, 0.59, 1.69, 0.12, 9.41
55520, -10.99, 0.58, 2.08, 0.08, 9.77
55552, -10.98, 0.51, 1.84, 0.04, 9.53
55584, -11.04, 0.68, 1.92, 0.24, 9.69
55616, -11.07, 0.65, 1.88, 0.08, 9.53
55649, -10.98, 0.99, 1.80, 0.43, 9.85
55681, -11.01, 0.94, 1.92, 0.12, 9.69
55728, -11.12, 0.96, 1.88, 0.16, 9.34
55760, -11.02, 0.94, 1.80, 0.16, 9.73
55792, -11.14, 0.98, 1.92, 0.20, 9.34
55825, -10.88, 0.77, 1.69, -0.04, 9.81
55857, -10.93, 0.88, 1.84, 0.24, 9.49
55918, -11.05, 1.07, 2.04, 0.27, 9.96
55951, -10.90, 0.94, 1.73, 0.08, 9.49
55983, -11.22, 0.95, 2.16, 0.16, 9.89
56015, -11.13, 0.96, 1.84, 0.16, 9.61
56048, -11.20, 0.71, 1.96, -0.08, 9.69
56081, -11.39, 0.90, 1.96, 0.27, 9.18
56114, -11.46, 0.99, 2.00, 0.24, 9.77
56145, -11.29, 0.56, 1.73, -0.24, 9.22
56178, -11.15, 0.57, 1.80, 0.12, 9.69
56211, -11.10, 0.43, 1.80, 0.00, 9.41
56243, -11.04, 0.52, 1.80, 0.16, 9.65
56275, -10.86, 0.29, 1.69, -0.12, 9.41
56308, -10.86, 0.23, 1.80, 0.00, 9.45
56348, -10.93, 0.32, 1.77, 0.12, 9.10
56381, -10.86, 0.38, 1.80, 0.12, 9.61
56414, -10.68, 0.18, 1.61, -0.12, 9.22
56445, -10.70, 0.15, 1.84, 0.04, 9.69
56478, -10.67, -0.03, 1.73, -0.12, 9.30
56511, -10.85, 0.18, 2.00, 0.20, 9.77
56544, -10.67, -0.02, 1.65, -0.12, 9.53
56576, -10.56, 0.09, 1.73, 0.12, 9.69
56608, -10.53, -0.02, 1.77, -0.08, 9.61
56667, -10.62, 0.08, 1.84, 0.04, 9.57
56698, -10.58, 0.24, 1.77, 0.16, 9.49
56731, -10.70, 0.39, 1.92, 0.16, 9.73
56764, -10.63, 0.40, 1.73, 0.08, 9.38
56806, -10.50, 0.28, 1.77, 0.00, 9.96
56838, -10.66, 0.44, 1.88, 0.20, 9.45
56870, -10.78, 0.48, 1.96, 0.12, 9.81
56909, -10.82, 0.41, 1.88, 0.04, 9.77
56942, -10.97, 0.51, 2.04, 0.16, 9.96
56975, -11.01, 0.50, 1.92, 0.08, 9.69
57007, -10.88, 0.49, 1.84, 0.08, 10.08
57039, -10.94, 0.56, 1.92, 0.16, 9.65
57072, -10.89, 0.49, 1.84, 0.04, 9.85
57105, -10.87, 0.47, 1.84, 0.08, 9.57
57138, -10.87, 0.59, 1.92, 0.20, 9.92
57170, -10.93, 0.62, 1.88, 0.12, 9.53
57202, -10.71, 0.54, 1.69, 0.04, 9.69
57243, -10.74, 0.55, 1.84, 0.12, 9.57
57276, -10.81, 0.56, 1.88, 0.08, 9.61
57308, -10.85, 0.59, 1.84, 0.12, 9.45
57340, -10.70, 0.46, 1.73, -0.04, 9.73
57373, -10.73, 0.59, 1.80, 0.16, 9.53
57406, -10.70, 0.56, 1.84, 0.08, 9.73
57439, -10.67, 0.56, 1.69, 0.08, 9.14
57470, -10.68, 0.72, 1.84, 0.24, 9.73
57503, -10.66, 0.54, 1.73, -0.04, 9.26
57551, -10.53, 0.51, 1.73, 0.08, 9.81
57587, -10.61, 0.39, 1.80, 0.00, 9.26
57619, -10.60, 0.42, 1.80, 0.08, 9.69
57652, -10.64, 0.28, 1.77, -0.04, 9.26
57694, -10.56, 0.25, 1.77, 0.00, 9.61
57726, -10.51, 0.01, 1.73, -0.12, 9.41
57759, -10.50, -0.02, 1.80, 0.00, 9.69
57791, -10.55, -0.05, 1.80, -0.04, 9.49
57824, -10.42, 0.20, 1.69, 0.24, 9.65
57857, -10.53, -0.06, 1.92, -0.20, 9.81
57889, -10.78, -0.11, 2.04, -0.04, 9.81
57921, -10.74, 0.74, 1.84, 0.78, 9.81
57954, -10.80, 1.19, 1.88, 0.51, 9.69
57987, -10.82, 0.69, 1.92, -0.27, 9.81
58018, -11.09, 0.46, 2.12, -0.12, 9.69
58051, -11.18, 0.90, 1.96, 0.51, 9.89
58084, -11.12, 1.01, 1.80, 0.24, 9.65
58124, -11.25, 0.68, 1.77, -0.16, 9.77
58157, -11.63, 0.81, 1.73, 0.20, 9.41
58189, -12.04, 0.88, 1.69, 0.20, 9.73
58221, -13.04, 0.94, 1.96, 0.16, 9.34
58254, -14.67, 0.61, 2.43, -0.16, 9.45
58287, -16.28, 0.55, 2.67, 0.04, 9.49
58319, -17.71, 0.45, 2.98, -0.04, 9.57
58351, -18.92, 0.71, 3.14, 0.31, 9.26
58384, -19.70, 0.86, 3.92, 0.24, 9.77
58417, -20.47, 0.69, 4.20, -0.04, 9.02
58448, -21.10, 0.46, 4.20, -0.12, 9.30
58503, -21.82, 0.54, 3.92, 0.12, 8.59
58534, -22.21, 0.69, 3.57, 0.20, 9.10
58576, -22.11, 0.21, 3.65, -0.27, 9.06
58609, -22.54, 0.15, 4.04, 0.00, 9.06
58641, -22.37, 0.10, 3.77, 0.04, 9.34
58674, -22.20, 0.04, 3.77, 0.00, 9.38
58706, -21.91, 0.00, 3.41, 0.00, 9.41
58738, -21.57, 0.16, 3.41, 0.16, 9.38
58771, -21.58, 0.12, 3.73, 0.00, 9.49
58804, -21.54, 0.24, 3.65, 0.16, 9.38
58836, -21.33, 0.27, 3.53, 0.08, 9.45
58868, -21.35, 0.42, 3.69, 0.16, 9.45
58901, -21.47, 0.57, 3.84, 0.20, 9.49
58934, -21.52, 0.61, 3.69, 0.12, 9.34
58967, -21.59, 0.49, 3.73, -0.04, 9.38
59013, -21.49, 0.73, 3.61, 0.27, 9.41
59045, -21.68, 0.56, 3.69, -0.04, 8.98
59078, -22.15, 0.44, 3.69, 0.00, 9.18
59111, -22.03, 0.55, 3.65, 0.16, 9.10
59144, -21.70, 0.55, 3.45, 0.08, 9.34
59175, -21.63, 0.49, 3.45, 0.04, 8.90
59208, -21.63, 0.61, 3.65, 0.20, 9.26
59241, -21.61, 0.42, 3.49, -0.08, 8.90
59274, -21.62, 0.29, 3.69, -0.04, 9.14
59307, -21.42, 0.09, 3.53, -0.12, 9.26
59339, -21.55, 0.19, 3.69, 0.08, 9.10
59388, -21.55, 0.13, 3.57, 0.04, 8.90
59423, -21.53, 0.43, 3.61, 0.27, 9.14
59465, -21.97, 0.58, 3.69, 0.24, 9.57
59498, -21.98, 0.65, 3.77, 0.16, 9.22
59531, -21.74, 0.36, 3.61, -0.16, 9.41
59563, -21.54, 0.48, 3.57, 0.16, 9.22
59595, -21.49, 0.84, 3.61, 0.39, 9.34
59628, -21.44, 0.77, 3.61, 0.08, 9.34
59660, -21.45, 0.70, 3.73, 0.08, 9.38
59693, -21.50, 0.82, 3.73, 0.24, 9.22
59725, -21.33, 0.98, 3.69, 0.27, 9.45
59758, -21.26, 0.91, 3.45, 0.08, 8.59
59790, -20.97, 0.64, 3.49, -0.08, 9.53
59823, -20.93, 0.56, 3.53, 0.04, 8.94
59855, -20.73, 0.78, 3.45, 0.27, 9.30
59895, -20.68, 0.88, 3.37, 0.20, 9.06
59928, -20.37, 0.81, 3.26, 0.08, 9.49
59960, -20.37, 0.70, 3.26, 0.00, 9.06
59993, -20.37, 0.63, 3.41, 0.04, 9.49
60024, -20.54, 0.63, 3.49, 0.08, 9.10
60057, -20.60, 0.94, 3.57, 0.39, 9.45
60090, -20.79, 0.90, 3.57, 0.08, 9.02
60122, -21.03, 0.69, 3.80, -0.04, 9.34
60154, -21.42, 0.62, 3.84, 0.04, 8.94
60187, -21.64, 0.60, 3.84, 0.08, 9.34
60219, -21.79, 0.66, 3.77, 0.16, 8.98
60252, -21.82, 0.64, 3.77, 0.12, 9.41
60297, -21.35, 0.65, 3.37, 0.16, 9.49
60341, -21.02, 0.45, 3.33, -0.04, 9.10
60374, -21.05, 0.53, 3.61, 0.16, 9.30
60405, -21.03, 0.26, 3.49, -0.12, 9.06
60438, -20.94, 0.34, 3.53, 0.12, 9.34
60471, -20.81, 0.22, 3.30, 0.00, 9.06
60503, -20.72, 0.21, 3.37, 0.08, 9.30
60535, -20.65, 0.04, 3.33, -0.08, 8.98
60568, -20.66, -0.11, 3.45, -0.08, 9.22
60600, -20.53, -0.11, 3.41, 0.00, 9.38
60633, -20.56, 0.05, 3.57, 0.16, 9.38
60664, -20.58, -0.18, 3.41, -0.20, 9.10
60697, -20.82, -0.25, 3.80, -0.08, 9.38
60730, -20.94, -0.11, 3.73, 0.08, 9.30
60770, -20.80, -0.31, 3.41, -0.20, 9.30
60803, -20.79, -0.07, 3.37, 0.16, 8.90
60834, -21.03, 0.13, 3.77, 0.16, 9.34
60867, -21.13, 0.20, 3.53, 0.08, 8.98
60900, -21.25, 0.24, 3.77, 0.08, 9.38
60932, -21.30, -0.02, 3.53, -0.16, 9.02
60964, -21.28, 0.09, 3.61, 0.12, 9.30
60997, -21.23, 0.02, 3.49, -0.04, 8.98
61029, -21.28, 0.31, 3.80, 0.27, 9.49
61065, -20.91, 0.33, 3.45, 0.08, 9.69
61101, -20.69, 0.22, 3.37, -0.04, 9.38
61133, -20.80, 0.23, 3.53, 0.04, 9.18
61166, -21.04, 0.26, 3.77, 0.08, 9.34
61207, -21.25, 0.52, 3.73, 0.24, 9.18
61251, -21.16, 0.40, 3.65, 0.00, 9.61
61287, -21.30, 0.73, 3.84, 0.35, 9.45
61319, -21.42, 0.83, 3.69, 0.16, 9.18
61351, -21.21, 0.70, 3.49, 0.04, 9.49
61384, -21.11, 0.94, 3.49, 0.27, 9.18
61417, -20.98, 0.79, 3.49, 0.00, 9.41
61449, -21.09, 0.80, 3.49, 0.12, 8.90
61481, -20.93, 0.83, 3.45, 0.16, 9.53
61514, -21.11, 0.79, 3.53, 0.08, 8.87
61547, -21.18, 0.76, 3.77, 0.08, 9.45
61579, -21.38, 0.53, 3.61, -0.08, 8.83
61612, -21.33, 0.52, 3.61, 0.08, 9.30
61651, -21.42, 0.61, 3.61, 0.16, 8.98
61684, -21.36, 0.65, 3.53, 0.08, 9.14
61717, -21.28, 0.49, 3.37, -0.04, 8.67
61750, -21.18, 0.42, 3.53, 0.00, 9.34
61782, -21.14, 0.20, 3.41, -0.12, 8.83
61814, -21.27, 0.36, 3.77, 0.16, 9.34
61847, -21.26, 0.19, 3.37, -0.08, 8.75
61880, -21.22, 0.28, 3.57, 0.12, 9.34
61912, -21.22, 0.14, 3.49, -0.08, 9.06
61944, -21.24, 0.11, 3.61, 0.00, 9.34
61977, -21.26, -0.06, 3.49, -0.12, 8.94
62009, -21.21, 0.24, 3.65, 0.27, 9.41
62042, -21.04, 0.17, 3.41, -0.04, 9.14
62085, -21.00, 0.18, 3.61, 0.04, 9.41
62119, -20.98, 0.41, 3.61, 0.24, 9.41
62153, -20.99, 0.21, 3.57, -0.12, 9.18
62194, -20.81, 0.15, 3.41, 0.00, 9.34
62227, -20.90, 0.14, 3.57, 0.00, 9.18
62260, -20.92, 0.42, 3.53, 0.27, 9.26
62292, -21.09, 0.39, 3.92, 0.04, 9.65
62325, -21.25, 0.23, 3.92, -0.08, 9.38
62358, -21.32, 0.17, 4.04, 0.00, 9.34
62390, -21.21, 0.75, 4.04, 0.55, 9.30
62423, -20.72, 0.78, 3.69, 0.16, 9.45
62455, -20.13, 0.38, 3.33, -0.20, 9.10
62488, -19.59, 0.28, 3.30, 0.00, 9.45
62528, -18.94, 0.78, 3.02, 0.47, 9.41
62560, -17.95, 0.76, 2.67, 0.12, 9.73
62592, -17.20, 0.68, 2.67, 0.08, 9.61
62624, -16.27, 0.23, 2.31, -0.27, 9.41
62656, -15.70, 0.37, 2.51, 0.20, 9.73
62688, -15.33, 0.47, 2.43, 0.16, 9.18
62720, -15.08, 0.56, 2.59, 0.16, 9.49
62752, -14.79, 0.36, 2.39, -0.08, 9.18
62784, -14.43, 0.38, 2.47, 0.08, 9.89
62816, -14.06, 0.58, 2.31, 0.24, 9.38
62848, -13.90, 0.54, 2.51, 0.04, 9.57
62880, -13.63, 0.45, 2.39, 0.00, 9.41
62912, -13.33, 0.49, 2.28, 0.08, 9.53
62953, -13.32, 0.61, 2.43, 0.16, 9.57
62986, -13.21, 0.68, 2.35, 0.16, 9.96
63017, -13.27, 0.69, 2.39, 0.08, 9.73
63050, -13.13, 0.80, 2.24, 0.20, 9.65
63083, -12.90, 1.17, 2.16, 0.43, 9.69
63115, -12.58, 1.06, 2.20, 0.08, 10.00
63154, -12.26, 0.65, 2.20, -0.20, 9.81
63203, -11.88, 0.64, 2.28, 0.12, 9.85
63236, -11.81, 0.84, 2.16, 0.27, 9.69
63268, -11.21, 0.93, 1.53, 0.24, 9.81
63300, -10.65, 0.85, 1.41, 0.08, 9.85
63333, -10.47, 0.57, 1.69, -0.12, 9.53
63366, -10.56, 0.35, 1.92, -0.08, 9.73
63407, -10.56, 0.58, 1.84, 0.27, 9.61
63439, -10.73, 0.76, 2.00, 0.27, 9.73
63471, -10.97, 0.67, 2.00, 0.04, 9.41
63504, -10.92, 0.42, 1.88, -0.12, 9.85
63537, -10.92, 0.46, 1.84, 0.12, 9.45
63569, -10.79, 0.66, 1.77, 0.24, 9.65
63602, -10.70, 0.64, 1.73, 0.08, 9.38
63635, -10.58, 0.46, 1.77, -0.08, 9.85
63667, -10.50, 0.36, 1.65, 0.00, 9.14
63699, -10.39, 0.25, 1.73, -0.04, 9.65
63732, -10.28, 0.23, 1.61, 0.00, 9.18
63764, -10.41, 0.37, 1.88, 0.16, 9.53
63797, -10.47, 0.29, 1.80, 0.00, 9.41
63839, -10.45, 0.41, 1.84, 0.16, 9.85
63872, -10.55, 0.32, 1.80, 0.00, 9.18
63903, -10.68, 0.36, 1.96, 0.12, 9.89
63936, -10.74, 0.22, 1.84, -0.04, 9.34
63969, -10.65, 0.28, 1.77, 0.08, 9.65
64001, -10.55, 0.16, 1.69, -0.04, 9.41
64033, -10.59, 0.22, 1.84, 0.08, 9.61
64066, -10.56, 0.22, 1.77, 0.04, 9.57
64099, -10.72, 0.24, 1.96, 0.08, 9.65
64159, -10.88, 0.40, 1.96, 0.12, 9.69
64192, -10.91, 0.49, 1.92, 0.16, 9.77
64225, -10.88, 0.68, 1.88, 0.24, 9.89
64257, -11.16, 0.80, 2.12, 0.24, 9.73
64297, -10.96, 0.66, 1.69, 0.00, 9.38
64330, -10.96, 0.82, 1.88, 0.24, 9.77
64362, -10.91, 0.43, 1.80, -0.24, 9.57
64395, -10.88, 0.56, 1.84, 0.20, 9.69
64428, -10.75, 0.61, 1.77, 0.12, 9.77
64460, -10.70, 0.61, 1.80, 0.12, 9.69
64492, -10.78, 0.51, 1.96, 0.00, 9.89
64525, -10.86, 0.73, 1.88, 0.27, 9.53
64558, -10.91, 0.68, 1.92, 0.08, 9.69
64589, -10.90, 0.80, 1.84, 0.20, 9.61
64622, -10.77, 0.88, 1.77, 0.20, 9.81
64655, -10.79, 0.98, 1.84, 0.24, 9.57
64688, -10.90, 0.75, 1.92, -0.08, 9.65
64729, -11.06, 0.88, 2.00, 0.27, 9.69
64761, -11.00, 0.83, 1.88, 0.08, 9.92
64794, -11.07, 0.84, 1.92, 0.16, 9.53
64826, -11.06, 0.70, 1.92, 0.00, 9.85
64859, -11.04, 0.73, 1.88, 0.16, 9.69
64891, -10.94, 0.78, 1.80, 0.16, 9.77
64923, -11.02, 0.89, 1.88, 0.24, 9.57
64956, -11.02, 0.86, 1.88, 0.12, 9.73
65004, -11.17, 0.68, 2.00, 0.00, 9.65
65040, -11.05, 0.58, 1.84, 0.04, 9.92
65072, -11.09, 0.76, 1.88, 0.24, 9.57
65104, -10.98, 0.79, 1.84, 0.16, 9.85
65137, -11.18, 0.86, 1.92, 0.16, 9.02
65177, -11.09, 0.65, 1.84, -0.04, 9.77
65210, -10.99, 0.57, 1.77, 0.04, 9.38
65246, -11.00, 0.67, 1.92, 0.20, 9.65
65283, -10.90, 0.64, 1.77, 0.08, 9.69
65314, -10.74, 0.43, 1.73, -0.08, 9.73
65347, -10.66, 0.55, 1.77, 0.20, 9.57
65380, -10.79, 0.68, 1.96, 0.20, 9.85
65413, -10.64, 0.68, 1.73, 0.12, 9.69
65445, -10.68, 0.75, 1.88, 0.16, 9.77
65478, -10.83, 0.85, 1.92, 0.20, 9.49
65511, -10.70, 0.67, 1.77, 0.00, 9.77
65543, -10.72, 0.58, 1.80, 0.04, 9.41
65575, -10.62, 0.58, 1.77, 0.12, 9.77
65617, -10.71, 0.75, 1.92, 0.24, 9.65
65650, -10.87, 0.75, 1.96, 0.12, 9.73
65682, -10.86, 0.79, 1.84, 0.16, 9.57
65715, -10.83, 0.74, 1.88, 0.08, 9.85
65747, -10.79, 0.73, 1.73, 0.12, 9.14
65780, -10.66, 0.68, 1.73, 0.08, 9.73
65812, -10.78, 0.67, 1.84, 0.08, 9.18
65845, -10.95, 0.58, 2.00, 0.08, 9.69
65878, -10.90, 0.52, 1.77, 0.04, 9.38
65910, -10.73, 0.39, 1.69, -0.04, 9.57
65964, -10.67, 0.40, 1.84, 0.08, 9.77
65996, -10.80, 0.61, 1.92, 0.24, 9.57
66029, -10.79, 0.78, 1.84, 0.24, 9.61
66061, -10.80, 0.81, 1.84, 0.16, 9.61
66102, -10.61, 0.84, 1.69, 0.16, 9.85
66135, -10.65, 0.95, 1.84, 0.24, 9.53
66167, -10.74, 0.85, 1.92, 0.08, 9.77
66200, -10.68, 0.70, 1.73, 0.00, 9.45
66232, -10.71, 0.55, 1.84, 0.00, 9.61
66265, -10.69, 0.68, 1.77, 0.20, 9.45
66297, -10.75, 0.67, 1.88, 0.12, 9.73
66329, -10.84, 0.46, 1.80, -0.08, 9.10
66362, -10.80, 0.47, 1.80, 0.08, 9.57
66395, -10.68, 0.61, 1.65, 0.20, 9.14
66427, -10.72, 0.49, 1.84, 0.00, 9.57
66459, -10.74, 0.33, 1.77, -0.08, 9.30
66492, -10.89, 0.48, 2.00, 0.20, 9.77
66534, -10.98, 0.47, 1.84, 0.08, 9.38
66567, -10.98, 0.29, 1.88, -0.08, 9.69
66598, -10.82, 0.14, 1.69, -0.08, 9.45
66631, -10.92, 0.10, 1.88, 0.00, 9.53
66664, -10.80, 0.15, 1.73, 0.08, 9.65
66697, -10.88, 0.16, 1.96, 0.04, 9.73
66729, -10.77, -0.06, 1.80, -0.16, 9.85
66761, -10.76, 0.10, 1.88, 0.16, 9.85
66794, -10.77, 0.23, 1.88, 0.16, 10.00
66843, -10.93, 0.31, 2.04, 0.12, 9.81
66879, -10.93, 0.20, 1.88, -0.04, 9.81
66911, -10.96, 0.38, 1.88, 0.20, 9.73
66944, -10.86, 0.47, 1.80, 0.16, 9.81
66984, -10.92, 0.45, 1.88, 0.08, 9.61
67016, -10.79, 0.55, 1.77, 0.16, 9.81
67049, -10.88, 0.63, 1.92, 0.16, 9.53
67082, -10.86, 0.59, 1.88, 0.08, 9.85
67115, -10.80, 0.59, 1.77, 0.08, 9.49
67146, -10.77, 0.56, 1.84, 0.08, 9.81
67179, -10.79, 0.54, 1.80, 0.08, 9.41
67212, -10.91, 0.52, 2.00, 0.08, 9.92
67245, -10.86, 0.57, 1.77, 0.12, 9.41
67276, -10.79, 0.70, 1.77, 0.20, 9.65
67309, -10.64, 0.61, 1.69, 0.04, 9.53
67345, -10.67, 0.62, 1.84, 0.12, 9.69
67381, -10.75, 0.69, 1.92, 0.20, 9.85
67423, -10.57, 0.43, 1.69, -0.12, 9.85
67456, -10.55, 0.47, 1.80, 0.12, 9.77
67487, -10.47, 0.64, 1.80, 0.24, 9.96
67520, -10.62, 0.73, 1.92, 0.16, 9.69
67553, -10.69, 0.82, 1.96, 0.20, 9.96
67586, -10.87, 0.93, 2.00, 0.24, 9.69
67618, -10.79, 0.97, 1.84, 0.20, 9.92
67650, -10.78, 0.93, 1.80, 0.12, 9.53
67683, -10.81, 0.85, 1.88, 0.08, 9.77
67716, -10.72, 0.82, 1.77, 0.12, 9.61
67761, -10.62, 0.63, 1.80, -0.04, 9.89
67795, -10.65, 0.65, 1.84, 0.12, 9.57
67828, -10.59, 0.54, 1.69, 0.00, 9.26
67868, -10.73, 0.46, 1.96, 0.04, 9.65
67901, -10.64, 0.41, 1.73, 0.04, 9.45
67934, -10.53, 0.42, 1.73, 0.08, 9.77
67966, -10.43, 0.31, 1.61, -0.04, 9.14
67999, -10.56, 0.37, 1.92, 0.12, 9.65
68032, -10.57, 0.49, 1.73, 0.16, 9.30
68065, -10.90, 0.57, 2.12, 0.16, 9.61
68097, -10.82, 0.37, 1.77, -0.08, 9.53
68129, -10.96, 0.53, 1.96, 0.20, 9.61
68162, -10.96, 0.36, 1.92, -0.04, 9.89
68195, -11.07, 0.38, 2.00, 0.08, 9.73
68228, -11.03, 0.39, 1.84, 0.08, 9.81
68259, -11.08, 0.48, 1.92, 0.16, 9.61
68301, -11.15, 0.56, 1.96, 0.16, 9.85
68334, -11.10, 0.70, 1.88, 0.24, 9.81
68367, -11.05, 0.79, 1.92, 0.20, 10.00
68400, -11.08, 0.82, 1.84, 0.16, 9.49
68431, -11.02, 0.74, 1.84, 0.08, 9.85
68464, -11.16, 0.75, 2.00, 0.12, 9.69
68497, -11.17, 0.60, 1.92, 0.00, 9.77
68529, -11.10, 0.69, 1.80, 0.20, 9.49
68561, -11.21, 0.64, 2.00, 0.08, 9.81
68594, -11.17, 0.67, 1.84, 0.16, 9.53
68627, -11.21, 0.65, 1.96, 0.08, 9.85
68659, -11.12, 0.70, 1.80, 0.16, 9.49
68691, -10.95, 0.61, 1.77, 0.04, 9.81
68746, -10.96, 0.40, 1.88, -0.08, 9.81
68779, -11.02, 0.64, 1.92, 0.27, 9.57
68811, -10.91, 0.57, 1.80, 0.04, 9.85
68843, -10.82, 0.60, 1.77, 0.12, 9.49
68876, -10.84, 0.54, 1.88, 0.04, 9.73
68909, -10.80, 0.49, 1.77, 0.04, 9.41
68940, -10.78, 0.53, 1.84, 0.12, 9.77
68973, -10.65, 0.57, 1.69, 0.12, 9.49
69005, -10.71, 0.68, 1.92, 0.24, 9.81
69038, -10.84, 0.60, 1.88, 0.04, 9.34
69070, -10.85, 0.58, 1.92, 0.08, 9.89
69102, -10.92, 0.52, 1.84, 0.04, 9.38
69135, -10.95, 0.53, 1.88, 0.12, 9.61
69178, -11.02, 0.42, 1.88, -0.04, 9.41
69212, -11.00, 0.56, 1.88, 0.20, 9.77
69246, -10.97, 0.49, 1.84, 0.04, 9.73
69284, -10.82, 0.49, 1.77, 0.12, 9.81
69317, -10.50, 0.22, 1.53, -0.16, 9.45
69351, -10.65, 0.47, 1.96, 0.27, 9.85
69384, -10.88, 0.48, 2.08, 0.08, 9.92
69416, -11.01, 0.67, 2.00, 0.27, 9.73
69456, -10.66, 0.54, 1.57, 0.00, 9.49
69489, -10.76, 0.77, 1.96, 0.31, 9.89
69522, -10.97, 0.77, 2.08, 0.12, 9.89
69556, -10.94, 0.77, 1.84, 0.12, 9.61
69588, -10.83, 0.64, 1.80, 0.00, 9.73
69629, -10.85, 0.66, 1.80, 0.12, 9.45
69661, -10.75, 0.71, 1.77, 0.16, 9.73
69693, -10.65, 0.75, 1.77, 0.16, 9.65
69726, -10.71, 0.71, 1.88, 0.08, 9.77
69757, -10.83, 0.66, 1.92, 0.08, 9.49
69790, -10.93, 0.63, 1.96, 0.08, 9.77
69822, -11.09, 0.73, 2.04, 0.20, 9.73
69854, -11.02, 0.56, 1.84, -0.04, 9.81
69886, -11.05, 0.53, 1.88, 0.08, 9.61
69918, -10.88, 0.29, 1.65, -0.12, 9.41
69951, -11.05, 0.51, 2.00, 0.27, 9.65
69983, -10.87, 0.28, 1.65, -0.12, 9.30
70014, -10.87, 0.26, 1.88, 0.04, 9.73
70056, -10.89, 0.34, 1.80, 0.12, 9.18
70088, -10.89, 0.54, 1.88, 0.24, 9.73
70121, -10.80, 0.40, 1.73, -0.04, 9.34
70153, -10.84, 0.43, 1.88, 0.12, 9.69
70185, -10.93, 0.28, 1.84, -0.04, 9.22
70218, -10.91, 0.37, 1.84, 0.16, 9.73
70250, -10.87, 0.21, 1.77, -0.12, 9.38
70283, -10.90, 0.15, 1.88, 0.00, 9.69
70316, -10.95, 0.04, 1.84, -0.08, 9.38
70347, -10.87, 0.19, 1.80, 0.16, 9.65
70380, -10.90, 0.14, 1.80, -0.04, 9.34
70412, -10.96, 0.00, 1.92, -0.08, 9.65
70445, -10.99, -0.02, 1.84, 0.00, 9.34
70484, -11.01, 0.13, 1.96, 0.16, 9.96
70516, -10.85, 0.14, 1.69, 0.04, 9.49
70549, -10.92, -0.03, 1.88, -0.12, 9.57
70582, -11.00, 0.10, 1.88, 0.12, 9.38
70614, -11.14, 0.19, 2.04, 0.08, 9.85
70665, -10.93, 0.21, 1.73, 0.08, 9.73
70701, -11.12, 0.49, 2.04, 0.27, 9.65
70732, -11.18, 0.40, 1.96, 0.00, 9.73
70765, -11.14, 0.59, 1.88, 0.24, 9.73
70798, -10.99, 0.46, 1.77, 0.00, 9.77
70830, -10.97, 0.70, 1.88, 0.31, 9.73
70862, -10.94, 0.46, 1.84, -0.12, 9.73
70894, -10.98, 0.41, 1.88, 0.04, 9.49
70936, -10.89, 0.52, 1.80, 0.16, 9.85
70969, -10.86, 0.56, 1.80, 0.12, 9.57
71001, -11.09, 0.42, 2.16, -0.04, 10.00
71033, -11.13, 0.51, 1.96, 0.16, 9.77
71066, -11.03, 0.72, 1.84, 0.27, 9.96
71098, -10.98, 0.96, 1.88, 0.31, 9.77
71131, -10.97, 0.62, 1.92, -0.16, 9.89
71162, -11.07, 0.62, 1.96, 0.12, 9.77
71195, -11.02, 0.60, 1.88, 0.12, 9.89
71228, -11.07, 0.78, 2.00, 0.24, 10.00
71260, -10.90, 0.67, 1.80, 0.04, 10.04
71292, -10.85, 0.73, 1.84, 0.16, 9.81
71325, -10.84, 0.77, 1.88, 0.16, 9.85
71365, -11.03, 0.85, 2.08, 0.20, 9.85
71397, -10.88, 0.68, 1.69, -0.04, 9.38
71430, -10.91, 0.82, 1.88, 0.24, 9.69
71461, -10.77, 0.81, 1.65, 0.08, 9.26
