910 -3.81 -9.86 0.86 -0.04 8.90
967 -4.70 -8.05 1.29 0.20 9.69
997 -5.19 -7.14 1.14 -0.31 9.26
1028 -5.51 -6.24 1.18 -0.12 10.08
1058 -5.67 -5.45 1.06 0.00 9.73
1088 -5.84 -4.48 1.10 0.31 9.81
1119 -5.86 -4.13 0.98 -0.12 9.77
1148 -6.20 -4.13 1.29 -0.35 9.96
1186 -6.42 -4.00 1.22 -0.20 9.81
1216 -6.53 -3.53 1.18 0.04 9.73
1247 -6.77 -3.02 1.26 0.16 9.49
1277 -7.06 -2.61 1.45 0.16 9.92
1307 -7.24 -2.28 1.33 0.12 9.65
1338 -7.40 -2.17 1.33 -0.04 9.73
1377 -6.91 -2.35 0.78 -0.24 9.53
1406 -6.73 -2.31 0.98 -0.12 9.77
1455 -6.88 -2.30 1.29 0.00 9.92
1488 -6.86 -2.19 1.14 -0.04 9.49
1519 -6.77 -2.18 1.18 -0.08 9.96
1549 -6.57 -2.13 1.06 0.00 9.69
1580 -6.39 -2.09 1.02 0.04 9.26
1610 -6.38 -1.88 1.22 0.20 9.81
1641 -6.21 -1.94 1.06 -0.04 9.73
1672 -5.92 -2.49 0.86 -0.51 9.41
1702 -5.76 -2.92 0.94 -0.55 9.77
1733 -5.70 -3.06 0.98 -0.35 9.65
1764 -5.60 -3.06 0.94 -0.24 9.57
1804 -5.34 -3.45 0.82 -0.47 9.81
1835 -5.03 -3.65 0.78 -0.43 9.85
1865 -4.79 -3.63 0.82 -0.24 9.92
1895 -4.25 -4.05 0.51 -0.63 9.61
1926 -3.93 -4.25 0.67 -0.51 9.96
1956 -3.64 -4.58 0.63 -0.67 9.81
1987 -3.14 -5.24 0.39 -0.98 9.26
2018 -2.83 -5.53 0.47 -0.78 9.73
2049 -2.46 -5.94 0.35 -0.98 9.65
2079 -1.92 -6.33 0.12 -0.98 9.22
2109 -1.72 -6.71 0.35 -1.14 9.96
2140 -1.42 -7.11 0.20 -1.18 9.73
2170 -1.40 -7.39 0.39 -1.14 9.61
2209 -1.00 -7.90 0.08 -1.29 9.14
2240 -0.87 -8.22 0.20 -1.37 9.69
2271 -0.79 -8.34 0.20 -1.26 9.69
2300 -0.57 -8.75 0.04 -1.45 9.10
2345 -0.38 -9.19 0.04 -1.53 9.65
2379 -0.20 -9.30 0.00 -1.45 9.61
2410 -0.06 -9.49 0.00 -1.53 9.49
2440 0.35 -9.57 -0.31 -1.53 9.69
2470 0.33 -9.76 0.00 -1.65 9.41
2501 0.24 -9.72 0.04 -1.53 9.53
2532 0.49 -9.67 -0.31 -1.49 9.49
2563 0.44 -9.51 -0.04 -1.41 9.65
2593 0.44 -9.36 -0.08 -1.45 9.81
2633 0.64 -9.36 -0.24 -1.49 9.49
2664 0.85 -9.48 -0.31 -1.65 9.57
2694 0.89 -9.36 -0.20 -1.45 9.73
2724 0.69 -9.32 0.04 -1.53 9.69
2755 0.83 -9.51 -0.24 -1.69 9.41
2786 0.65 -9.41 0.00 -1.49 9.73
2817 0.56 -9.20 -0.04 -1.41 9.85
2847 0.61 -9.17 -0.12 -1.41 9.22
2878 0.49 -9.01 0.00 -1.41 9.89
2908 0.44 -8.95 -0.04 -1.45 9.57
2938 0.29 -8.95 0.00 -1.53 9.65
2969 0.16 -8.94 0.00 -1.61 9.81
3000 0.06 -8.95 0.00 -1.61 9.69
3030 -0.04 -8.61 0.00 -1.29 9.81
3068 -0.19 -8.29 0.00 -1.29 9.57
3098 -0.38 -8.04 0.08 -1.29 9.77
3132 -0.52 -7.87 0.04 -1.33 9.65
3168 -0.74 -7.48 0.16 -1.14 9.81
3197 -0.77 -7.27 0.04 -1.18 9.53
3239 -1.10 -7.05 0.27 -1.18 9.69
3273 -1.15 -6.97 0.12 -1.18 9.30
3305 -1.48 -6.84 0.39 -1.18 9.81
3336 -1.55 -6.64 0.20 -1.06 9.69
3366 -1.71 -6.59 0.27 -1.18 9.41
3397 -1.95 -6.20 0.39 -0.90 9.89
3428 -2.26 -5.88 0.47 -0.90 9.61
3459 -2.40 -5.69 0.35 -0.90 9.18
3499 -2.75 -5.33 0.55 -0.82 9.73
3529 -3.00 -5.10 0.55 -0.82 9.73
3560 -3.07 -4.79 0.43 -0.67 9.30
3591 -3.36 -4.56 0.67 -0.75 9.92
3621 -3.43 -4.35 0.51 -0.71 9.69
3652 -3.68 -3.88 0.67 -0.43 9.65
3682 -4.07 -3.66 0.86 -0.59 9.81
3713 -4.15 -3.28 0.63 -0.39 9.77
3743 -4.50 -2.93 0.90 -0.39 9.77
3774 -4.59 -2.58 0.75 -0.35 10.04
3805 -4.75 -2.43 0.78 -0.43 9.81
3835 -5.05 -2.13 0.98 -0.27 9.77
3866 -5.23 -2.19 0.90 -0.55 9.69
3904 -5.43 -2.00 0.94 -0.35 9.73
3935 -5.57 -1.76 0.94 -0.24 9.81
3965 -5.60 -1.62 0.86 -0.27 9.61
3996 -5.68 -1.42 0.94 -0.20 9.77
4027 -5.88 -1.27 1.06 -0.20 9.89
4058 -5.93 -1.05 0.94 -0.12 9.57
4088 -5.89 -1.19 0.86 -0.43 9.77
4119 -5.96 -1.17 0.98 -0.31 9.96
4163 -6.04 -0.85 0.94 -0.08 9.89
4197 -6.27 -0.63 1.10 -0.08 9.49
4228 -6.54 -0.58 1.22 -0.20 9.73
4258 -6.48 -0.10 1.06 0.31 9.38
4288 -6.27 0.25 0.86 0.31 9.85
4328 -6.44 0.02 1.22 -0.20 9.65
4359 -6.48 -0.11 1.10 -0.12 9.73
4389 -6.37 -0.20 1.02 -0.12 9.81
4420 -6.44 -0.18 1.10 0.00 9.30
4451 -6.59 0.16 1.29 0.27 9.96
4482 -6.57 0.14 1.10 -0.04 9.65
4511 -6.84 0.12 1.41 0.00 9.77
4542 -6.85 -0.07 1.18 -0.16 9.96
4573 -6.85 -0.03 1.18 0.04 9.77
4603 -6.87 0.12 1.22 0.16 9.81
4634 -7.13 -0.24 1.02 -0.27 9.73
4664 -7.09 -0.21 1.22 0.04 9.69
4695 -7.12 -0.27 1.33 -0.04 9.96
4725 -6.96 -0.41 1.06 -0.12 9.34
4764 -6.85 -0.51 1.18 -0.08 9.85
4795 -6.68 -0.74 1.10 -0.24 9.65
4826 -6.56 -0.74 1.10 -0.04 9.69
4856 -6.22 -1.14 0.86 -0.39 9.53
4886 -5.95 -1.25 0.90 -0.20 9.81
4917 -5.84 -1.23 1.02 -0.08 9.73
4947 -5.50 -1.42 0.75 -0.27 9.38
4978 -5.49 -1.47 1.06 -0.20 9.89
5009 -5.46 -1.44 1.02 -0.08 9.81
5040 -5.25 -1.67 0.82 -0.31 9.26
5090 -4.87 -2.02 0.78 -0.35 9.81
5124 -4.64 -2.38 0.75 -0.47 9.30
5157 -4.57 -2.54 0.90 -0.39 9.89
5197 -4.13 -2.91 0.55 -0.51 9.26
5228 -3.73 -3.16 0.51 -0.55 9.92
5259 -3.42 -3.58 0.55 -0.75 9.77
5289 -3.25 -3.90 0.59 -0.67 9.26
5320 -3.32 -4.26 0.78 -0.82 9.81
5351 -3.12 -4.74 0.55 -0.98 9.57
5383 -2.90 -5.05 0.47 -0.86 9.10
5413 -2.93 -5.40 0.59 -1.02 9.81
5444 -2.68 -5.75 0.39 -1.14 9.61
5475 -2.40 -5.80 0.31 -0.90 9.65
5506 -2.42 -5.97 0.51 -1.10 10.12
5536 -2.17 -6.14 0.31 -1.10 9.77
5567 -2.04 -6.16 0.35 -0.98 9.81
5605 -1.60 -6.49 0.00 -1.18 9.18
5636 -1.67 -6.46 0.43 -1.02 9.89
5666 -1.66 -6.41 0.35 -0.98 9.81
5697 -1.50 -6.59 0.20 -1.14 9.26
5728 -1.49 -6.61 0.31 -1.06 9.89
5758 -1.30 -6.69 0.16 -1.14 9.89
5789 -1.00 -7.00 0.04 -1.29 9.41
5820 -1.00 -6.97 0.27 -1.10 10.04
5851 -0.96 -7.04 0.04 -1.14 9.81
5880 -0.95 -7.19 0.16 -1.22 9.45
5911 -1.02 -7.36 0.27 -1.29 9.77
5963 -0.63 -7.65 -0.04 -1.37 9.61
5994 -0.32 -8.00 -0.20 -1.49 9.45
6034 -0.67 -8.14 0.47 -1.37 9.73
6065 -0.54 -8.04 0.12 -1.29 9.69
6095 -0.47 -8.18 0.12 -1.41 9.38
6126 -0.33 -8.24 0.04 -1.41 9.85
6157 -0.20 -8.32 0.04 -1.41 9.77
6188 -0.05 -8.23 -0.04 -1.22 9.38
6218 0.05 -8.10 0.00 -1.26 9.92
6249 0.18 -8.11 -0.08 -1.33 9.65
6280 0.27 -8.13 -0.04 -1.33 9.65
6310 0.25 -8.08 0.08 -1.33 10.20
6341 0.26 -8.00 0.00 -1.26 9.92
6371 0.27 -7.90 0.00 -1.22 9.81
6402 0.42 -8.41 -0.16 -1.77 9.53
6439 0.57 -8.62 -0.12 -1.53 9.38
6470 0.61 -8.77 -0.12 -1.61 9.89
6501 0.63 -8.98 -0.12 -1.65 9.49
6532 0.58 -8.91 -0.08 -1.49 9.89
6562 0.66 -9.05 -0.20 -1.69 9.81
6593 0.74 -8.94 -0.20 -1.41 9.57
6624 0.83 -9.11 -0.24 -1.61 9.30
6654 0.68 -9.03 0.00 -1.49 9.77
6684 0.66 -8.98 -0.12 -1.49 9.49
6715 0.79 -9.17 -0.27 -1.69 9.22
6746 0.73 -9.09 -0.16 -1.57 9.69
6788 0.48 -9.01 -0.04 -1.57 9.61
6818 0.30 -8.85 -0.04 -1.53 9.69
6861 -0.06 -8.27 0.08 -1.22 9.89
6894 -0.49 -7.94 0.24 -1.29 9.73
6927 -0.76 -7.51 0.16 -1.14 9.65
6960 -1.00 -6.98 0.20 -1.02 9.96
6992 -1.28 -6.61 0.24 -0.98 9.14
7025 -1.71 -6.23 0.43 -0.98 9.73
7058 -1.94 -5.91 0.35 -0.94 9.53
7091 -2.11 -5.64 0.31 -0.94 9.65
7131 -2.52 -5.20 0.51 -0.78 9.89
7163 -2.94 -4.96 0.59 -0.86 9.77
7196 -3.07 -4.79 0.43 -0.86 9.18
7229 -3.44 -4.47 0.67 -0.75 9.85
7262 -3.68 -4.20 0.59 -0.75 9.77
7303 -4.06 -3.66 0.71 -0.51 9.81
7333 -4.42 -3.07 0.82 -0.31 9.65
7363 -4.56 -2.81 0.71 -0.47 9.49
7394 -4.89 -2.48 0.94 -0.35 9.89
7424 -5.13 -2.04 0.90 -0.20 9.85
7454 -5.27 -1.76 0.86 -0.24 9.53
7485 -5.39 -1.87 0.90 -0.55 9.73
7515 -5.53 -1.67 0.94 -0.27 9.92
7545 -5.73 -1.44 1.02 -0.20 9.73
7575 -5.79 -1.33 0.86 -0.27 9.22
7605 -5.99 -1.19 1.02 -0.24 9.61
7635 -6.25 -1.08 1.14 -0.24 9.65
7665 -6.39 -0.73 1.06 0.00 9.65
7705 -6.57 -0.38 1.06 0.00 9.30
7751 -6.74 0.25 1.14 0.43 9.53
7782 -7.18 0.42 1.53 0.20 9.69
7813 -7.34 0.44 1.41 0.08 9.92
7842 -7.37 0.18 1.22 -0.24 9.49
7873 -7.05 -0.18 0.90 -0.35 9.53
7904 -6.83 -0.22 1.02 -0.08 10.12
7933 -6.97 0.05 1.29 0.24 9.85
7964 -7.04 0.05 1.18 0.00 9.22
7995 -7.01 0.02 1.18 -0.08 10.00
8026 -6.90 -0.04 1.06 -0.08 9.69
8055 -6.98 0.14 1.26 0.16 9.65
8086 -7.25 -0.02 1.45 -0.16 9.69
8117 -7.17 0.08 1.14 0.08 9.73
8155 -7.17 0.06 1.22 -0.04 9.85
8185 -7.00 0.02 1.06 -0.04 9.61
8216 -6.81 -0.06 1.02 -0.08 9.57
8246 -6.73 0.02 1.10 0.04 9.85
8276 -6.83 0.03 1.22 0.00 9.73
8307 -6.76 -0.22 1.06 -0.24 9.30
8337 -6.78 -0.12 1.22 0.04 9.96
8368 -6.86 -0.03 1.29 0.04 10.12
8398 -6.95 -0.14 1.22 -0.12 9.49
8428 -6.84 -0.24 1.10 -0.12 9.65
8459 -6.82 -0.11 1.18 0.08 9.92
8489 -6.88 0.08 1.22 0.12 9.77
8519 -6.82 -0.11 1.06 -0.16 9.26
8559 -6.95 0.00 1.33 0.08 10.00
8590 -6.95 -0.00 1.18 -0.04 9.85
8640 -6.96 -0.08 1.18 -0.08 9.69
8674 -6.86 -0.19 1.10 -0.12 9.69
8705 -6.88 -0.09 1.18 0.04 9.69
8734 -6.80 -0.20 1.14 -0.12 9.92
8765 -6.81 -0.31 1.18 -0.12 9.89
8796 -6.80 -0.27 1.14 0.00 9.69
8825 -6.78 -0.32 1.10 -0.08 9.34
8856 -6.86 -0.30 1.26 -0.04 9.85
8887 -6.93 -0.31 1.22 -0.08 9.61
8918 -7.06 -0.19 1.29 0.04 9.61
8947 -7.05 -0.06 1.18 0.08 9.81
8978 -7.14 -0.04 1.29 0.00 9.77
9016 -7.19 -0.02 1.29 0.00 9.89
9047 -7.13 -0.04 1.14 -0.04 9.45
9079 -7.24 -0.06 1.33 -0.04 9.89
9114 -7.14 -0.13 1.14 -0.08 9.77
9145 -7.03 -0.11 1.10 0.00 9.61
9175 -7.07 0.02 1.22 0.08 9.65
9205 -6.77 -0.17 0.90 -0.16 9.34
9236 -6.87 -0.22 1.26 -0.08 9.85
9266 -6.99 -0.13 1.29 0.04 9.81
9296 -6.89 -0.16 1.06 -0.04 9.53
9327 -6.88 -0.16 1.22 0.00 9.96
9358 -6.87 -0.22 1.18 -0.08 9.85
9389 -6.80 -0.20 1.10 0.00 9.57
9427 -6.79 -0.38 1.14 -0.20 9.45
9458 -6.87 -0.29 1.26 0.04 9.89
9506 -6.79 -0.28 1.14 -0.08 9.73
9536 -6.92 -0.18 1.29 0.04 9.69
9567 -6.87 -0.35 1.10 -0.20 9.49
9597 -6.86 -0.36 1.18 -0.04 9.89
9628 -6.99 -0.40 1.26 -0.08 9.61
9658 -7.03 -0.19 1.22 0.12 9.65
9689 -7.17 -0.14 1.33 0.00 9.96
9719 -7.15 -0.17 1.22 -0.04 9.85
9750 -7.29 -0.08 1.37 0.08 9.85
9780 -6.95 -0.26 0.94 -0.20 9.69
9810 -7.08 -0.21 1.29 0.00 9.81
9848 -6.96 -0.15 1.10 0.00 9.69
9879 -7.02 -0.09 1.26 0.04 9.81
